,0,1,2
0,0.0595703125,-1.006103515625,0.1318359375
1,0.056884765625,-1.0078125,0.125732421875
2,0.056396484375,-1.010498046875,0.1298828125
3,0.056396484375,-1.010498046875,0.1298828125
4,0.05908203125,-1.009765625,0.1376953125
5,0.06396484375,-1.0078125,0.13525390625
6,0.0615234375,-1.011474609375,0.133544921875
7,0.0576171875,-1.01220703125,0.138916015625
8,0.062255859375,-1.009765625,0.141845703125
9,0.06884765625,-1.00390625,0.14404296875
10,0.0703125,-1.000244140625,0.148193359375
11,0.071533203125,-0.99658203125,0.14208984375
12,0.0771484375,-0.99609375,0.140625
13,0.080322265625,-0.994140625,0.14990234375
14,0.080322265625,-0.994140625,0.14990234375
15,0.079345703125,-0.989013671875,0.156494140625
16,0.08447265625,-0.988037109375,0.156494140625
17,0.08837890625,-0.9853515625,0.1572265625
18,0.08740234375,-0.98388671875,0.154052734375
19,0.08740234375,-0.97998046875,0.148681640625
20,0.085693359375,-0.981689453125,0.1474609375
21,0.084228515625,-0.98779296875,0.1455078125
22,0.087158203125,-0.992431640625,0.146240234375
23,0.084716796875,-0.9931640625,0.141357421875
24,0.084716796875,-0.9931640625,0.141357421875
25,0.078125,-0.992431640625,0.1337890625
26,0.078857421875,-0.993408203125,0.133544921875
27,0.077392578125,-0.994140625,0.135009765625
28,0.072021484375,-0.998046875,0.134765625
29,0.071044921875,-0.999267578125,0.1337890625
30,0.069580078125,-0.998779296875,0.131591796875
31,0.066162109375,-1.000732421875,0.130615234375
32,0.065185546875,-1.000732421875,0.1376953125
33,0.064697265625,-1.00244140625,0.14111328125
34,0.067138671875,-1.008544921875,0.13818359375
35,0.067138671875,-1.008544921875,0.13818359375
36,0.066650390625,-1.0107421875,0.137939453125
37,0.0625,-1.01025390625,0.13720703125
38,0.067626953125,-1.0087890625,0.136962890625
39,0.07275390625,-1.0,0.135986328125
40,0.06982421875,-0.992919921875,0.1376953125
41,0.066650390625,-0.9931640625,0.14306640625
42,0.065185546875,-0.99365234375,0.142578125
43,0.067138671875,-0.994140625,0.1416015625
44,0.06689453125,-0.9951171875,0.1474609375
45,0.064453125,-0.994873046875,0.1416015625
46,0.064453125,-0.994873046875,0.1416015625
47,0.066650390625,-0.995849609375,0.134765625
48,0.06396484375,-1.003662109375,0.13671875
49,0.0634765625,-1.0068359375,0.13037109375
50,0.065673828125,-1.005615234375,0.132080078125
51,0.0615234375,-1.006591796875,0.140625
52,0.062744140625,-1.00537109375,0.137939453125
53,0.0625,-1.004638671875,0.139404296875
54,0.06103515625,-1.006103515625,0.145263671875
55,0.060302734375,-1.006103515625,0.142333984375
56,0.059326171875,-1.00390625,0.142578125
57,0.059326171875,-1.00390625,0.142578125
58,0.06298828125,-1.002685546875,0.148193359375
59,0.06591796875,-1.001220703125,0.15283203125
60,0.069580078125,-1.001220703125,0.153076171875
61,0.07275390625,-0.997314453125,0.141357421875
62,0.071044921875,-0.990478515625,0.134765625
63,0.072509765625,-0.9921875,0.13037109375
64,0.07470703125,-0.998779296875,0.1298828125
65,0.071044921875,-0.99951171875,0.136474609375
66,0.072265625,-0.99755859375,0.13671875
67,0.072265625,-0.99755859375,0.13671875
68,0.07861328125,-0.99267578125,0.137451171875
69,0.080322265625,-0.989013671875,0.140869140625
70,0.0771484375,-0.9912109375,0.14501953125
71,0.072509765625,-0.9951171875,0.14208984375
72,0.068603515625,-1.00048828125,0.13427734375
73,0.06787109375,-0.999267578125,0.133544921875
74,0.0712890625,-0.994384765625,0.14404296875
75,0.07568359375,-0.992431640625,0.154052734375
76,0.074951171875,-0.992431640625,0.148681640625
77,0.07373046875,-0.995849609375,0.141357421875
78,0.07373046875,-0.995849609375,0.141357421875
79,0.076171875,-0.99560546875,0.139404296875
80,0.077880859375,-0.993896484375,0.136962890625
81,0.076416015625,-0.99560546875,0.138427734375
82,0.0712890625,-0.997802734375,0.143798828125
83,0.06884765625,-1.00048828125,0.13916015625
84,0.07177734375,-0.99853515625,0.138916015625
85,0.071044921875,-1.000244140625,0.154052734375
86,0.067626953125,-1.001220703125,0.149658203125
87,0.067138671875,-0.9970703125,0.138671875
88,0.0712890625,-0.99560546875,0.13671875
89,0.0712890625,-0.99560546875,0.13671875
90,0.072265625,-0.996337890625,0.1337890625
91,0.0693359375,-0.99853515625,0.13134765625
92,0.071044921875,-0.997314453125,0.13037109375
93,0.07275390625,-0.994873046875,0.136962890625
94,0.072021484375,-0.99365234375,0.141357421875
95,0.0732421875,-0.994873046875,0.13916015625
96,0.0732421875,-0.99609375,0.142333984375
97,0.06689453125,-1.001953125,0.150390625
98,0.061279296875,-1.00537109375,0.145263671875
99,0.061279296875,-1.00537109375,0.145263671875
100,0.062744140625,-1.0,0.1396484375
101,0.066162109375,-0.999267578125,0.1396484375
102,0.0654296875,-0.99951171875,0.13671875
103,0.06201171875,-0.999267578125,0.1455078125
104,0.0595703125,-1.00537109375,0.156982421875
105,0.061279296875,-1.0078125,0.147705078125
106,0.062744140625,-1.0,0.1328125
107,0.06640625,-0.998291015625,0.134033203125
108,0.066162109375,-1.002197265625,0.137939453125
109,0.063232421875,-1.00146484375,0.13427734375
110,0.063232421875,-1.00146484375,0.13427734375
111,0.064697265625,-1.000244140625,0.1337890625
112,0.068115234375,-0.99755859375,0.14892578125
113,0.06787109375,-0.99462890625,0.153076171875
114,0.0693359375,-0.995849609375,0.14892578125
115,0.07470703125,-0.994873046875,0.149658203125
116,0.07470703125,-0.99072265625,0.1376953125
117,0.070556640625,-0.994384765625,0.131591796875
118,0.068359375,-0.995361328125,0.136474609375
119,0.072021484375,-0.991455078125,0.140380859375
120,0.069580078125,-0.99609375,0.141845703125
121,0.067626953125,-1.001953125,0.13232421875
122,0.067626953125,-1.001953125,0.13232421875
123,0.072265625,-1.003173828125,0.130615234375
124,0.06787109375,-1.00634765625,0.145263671875
125,0.06982421875,-1.003173828125,0.148681640625
126,0.077392578125,-0.994873046875,0.13916015625
127,0.073486328125,-0.997802734375,0.135986328125
128,0.071044921875,-1.001220703125,0.142822265625
129,0.06884765625,-1.0029296875,0.14453125
130,0.072509765625,-1.001953125,0.145263671875
131,0.076171875,-1.002685546875,0.1533203125
132,0.074951171875,-0.9970703125,0.141845703125
133,0.074951171875,-0.9970703125,0.141845703125
134,0.080322265625,-0.98681640625,0.129150390625
135,0.07763671875,-0.997314453125,0.14111328125
136,0.07080078125,-1.00048828125,0.15380859375
137,0.074951171875,-0.994140625,0.151611328125
138,0.075927734375,-0.994140625,0.14697265625
139,0.072998046875,-0.991455078125,0.142333984375
140,0.072998046875,-0.996826171875,0.14501953125
141,0.07080078125,-0.997802734375,0.14404296875
142,0.067138671875,-0.9970703125,0.14013671875
143,0.070068359375,-1.000244140625,0.136474609375
144,0.070068359375,-1.000244140625,0.136474609375
145,0.076904296875,-0.99609375,0.1279296875
146,0.071044921875,-0.9970703125,0.14599609375
147,0.066162109375,-1.000732421875,0.14794921875
148,0.06884765625,-1.000244140625,0.13525390625
149,0.072021484375,-1.00244140625,0.138427734375
150,0.07666015625,-1.00146484375,0.145263671875
151,0.075927734375,-0.998046875,0.162841796875
152,0.072265625,-0.99609375,0.161376953125
153,0.0732421875,-0.99072265625,0.154296875
154,0.0732421875,-0.99072265625,0.154296875
155,0.0771484375,-0.9892578125,0.1494140625
156,0.081298828125,-0.9833984375,0.1396484375
157,0.07861328125,-0.98291015625,0.151611328125
158,0.0732421875,-0.98681640625,0.1533203125
159,0.075927734375,-0.987548828125,0.14013671875
160,0.074951171875,-0.9921875,0.131103515625
161,0.071044921875,-0.999755859375,0.12841796875
162,0.0673828125,-1.005859375,0.14111328125
163,0.065185546875,-1.00048828125,0.14111328125
164,0.064453125,-0.99560546875,0.117919921875
165,0.064453125,-0.99560546875,0.117919921875
166,0.05712890625,-1.0048828125,0.123779296875
167,0.056640625,-1.009033203125,0.1357421875
168,0.058349609375,-1.009765625,0.128173828125
169,0.0517578125,-1.017822265625,0.136962890625
170,0.052001953125,-1.01123046875,0.134033203125
171,0.05322265625,-1.00830078125,0.116455078125
172,0.055908203125,-1.0146484375,0.12451171875
173,0.059814453125,-1.017578125,0.14453125
174,0.05859375,-1.01123046875,0.144287109375
175,0.062255859375,-1.00390625,0.14208984375
176,0.062255859375,-1.00390625,0.14208984375
177,0.066650390625,-1.002685546875,0.147705078125
178,0.0712890625,-0.998046875,0.149658203125
179,0.07421875,-0.989990234375,0.1416015625
180,0.072509765625,-0.988525390625,0.144775390625
181,0.07177734375,-0.98681640625,0.15380859375
182,0.0712890625,-0.978759765625,0.140380859375
183,0.074462890625,-0.984375,0.139892578125
184,0.079833984375,-0.990234375,0.1533203125
185,0.078125,-0.993408203125,0.152099609375
186,0.078125,-0.993408203125,0.152099609375
187,0.071044921875,-0.994140625,0.139404296875
188,0.067626953125,-0.99267578125,0.130615234375
189,0.0703125,-0.99951171875,0.135498046875
190,0.0751953125,-1.001953125,0.140380859375
191,0.07080078125,-1.000732421875,0.139404296875
192,0.069091796875,-1.004638671875,0.140380859375
193,0.072265625,-1.00439453125,0.135986328125
194,0.070068359375,-1.008056640625,0.140625
195,0.07177734375,-1.006103515625,0.140869140625
196,0.073974609375,-1.00244140625,0.154296875
197,0.073974609375,-1.00244140625,0.154296875
198,0.07373046875,-1.00341796875,0.159423828125
199,0.075927734375,-0.9970703125,0.147216796875
200,0.080810546875,-0.9931640625,0.152587890625
201,0.080322265625,-0.99169921875,0.154541015625
202,0.081298828125,-0.989013671875,0.152587890625
203,0.088134765625,-0.986328125,0.142578125
204,0.08349609375,-0.98486328125,0.13720703125
205,0.0751953125,-0.98876953125,0.143798828125
206,0.07470703125,-0.990478515625,0.1435546875
207,0.0693359375,-0.994873046875,0.14599609375
208,0.0693359375,-0.994873046875,0.14599609375
209,0.070556640625,-0.992919921875,0.1513671875
210,0.0712890625,-0.987060546875,0.1328125
211,0.064208984375,-1.000244140625,0.135498046875
212,0.06884765625,-1.005859375,0.1494140625
213,0.06591796875,-1.004150390625,0.1318359375
214,0.056884765625,-1.0107421875,0.14404296875
215,0.06298828125,-1.00830078125,0.142822265625
216,0.064208984375,-1.00830078125,0.13720703125
217,0.062255859375,-1.00927734375,0.154052734375
218,0.062255859375,-1.00927734375,0.154052734375
219,0.064208984375,-1.005859375,0.14501953125
220,0.061767578125,-1.01318359375,0.150634765625
221,0.06396484375,-1.007080078125,0.14208984375
222,0.065673828125,-1.001953125,0.137451171875
223,0.064208984375,-1.000244140625,0.140380859375
224,0.07080078125,-0.99462890625,0.14111328125
225,0.07421875,-0.994384765625,0.141357421875
226,0.07080078125,-0.987060546875,0.1279296875
227,0.072998046875,-0.98583984375,0.138427734375
228,0.06884765625,-0.991455078125,0.144287109375
229,0.06884765625,-0.991455078125,0.144287109375
230,0.067626953125,-0.98681640625,0.133544921875
231,0.070068359375,-0.98681640625,0.130615234375
232,0.064453125,-0.994384765625,0.130615234375
233,0.064453125,-0.992431640625,0.136474609375
234,0.070556640625,-0.992431640625,0.138671875
235,0.06787109375,-1.000732421875,0.13916015625
236,0.064697265625,-0.99951171875,0.14892578125
237,0.063720703125,-1.003173828125,0.13916015625
238,0.064453125,-1.0087890625,0.140625
239,0.0673828125,-1.001953125,0.148681640625
240,0.0673828125,-1.001953125,0.148681640625
241,0.0654296875,-1.004150390625,0.140380859375
242,0.0673828125,-1.000732421875,0.1455078125
243,0.071533203125,-0.9912109375,0.148193359375
244,0.076171875,-0.997802734375,0.14990234375
245,0.079833984375,-1.0,0.157470703125
246,0.076171875,-0.989990234375,0.14453125
247,0.07763671875,-0.990966796875,0.148193359375
248,0.083984375,-0.98486328125,0.146240234375
249,0.081298828125,-0.983642578125,0.1279296875
250,0.081298828125,-0.983642578125,0.1279296875
251,0.08349609375,-0.989013671875,0.1416015625
252,0.0849609375,-0.989990234375,0.14404296875
253,0.076416015625,-0.99853515625,0.141845703125
254,0.078369140625,-0.9921875,0.13134765625
255,0.07861328125,-0.993896484375,0.125732421875
256,0.07568359375,-0.999755859375,0.138427734375
257,0.076416015625,-0.990234375,0.13330078125
258,0.068115234375,-0.995361328125,0.126220703125
259,0.06494140625,-1.006103515625,0.1259765625
260,0.0673828125,-1.0068359375,0.13232421875
261,0.0673828125,-1.0068359375,0.13232421875
262,0.06640625,-1.006103515625,0.13720703125
263,0.063720703125,-1.011474609375,0.142578125
264,0.066650390625,-1.005859375,0.156005859375
265,0.066162109375,-0.999267578125,0.144287109375
266,0.064697265625,-1.00244140625,0.14794921875
267,0.07080078125,-0.996826171875,0.146240234375
268,0.06982421875,-1.001953125,0.141357421875
269,0.072998046875,-0.997314453125,0.158935546875
270,0.0732421875,-0.9873046875,0.135986328125
271,0.072021484375,-0.99072265625,0.138916015625
272,0.072021484375,-0.99072265625,0.138916015625
273,0.075439453125,-0.98974609375,0.1484375
274,0.072509765625,-0.99755859375,0.136962890625
275,0.072998046875,-1.003173828125,0.144287109375
276,0.0703125,-0.998291015625,0.140380859375
277,0.060546875,-1.008056640625,0.145751953125
278,0.0634765625,-1.00244140625,0.141845703125
279,0.069580078125,-0.99072265625,0.126220703125
280,0.060302734375,-1.005615234375,0.140380859375
281,0.06103515625,-0.999267578125,0.13037109375
282,0.063720703125,-0.999267578125,0.12255859375
283,0.063720703125,-0.999267578125,0.12255859375
284,0.057861328125,-1.0146484375,0.1484375
285,0.064453125,-1.0009765625,0.14111328125
286,0.0634765625,-1.001708984375,0.13525390625
287,0.062744140625,-1.004150390625,0.14794921875
288,0.07177734375,-0.989990234375,0.147705078125
289,0.0693359375,-0.998291015625,0.147216796875
290,0.074462890625,-0.993408203125,0.1533203125
291,0.07666015625,-0.98828125,0.15234375
292,0.074462890625,-0.996337890625,0.143310546875
293,0.074462890625,-0.996337890625,0.143310546875
294,0.080322265625,-0.98291015625,0.1298828125
295,0.072998046875,-0.986083984375,0.129150390625
296,0.0673828125,-0.9921875,0.143310546875
297,0.07275390625,-0.982421875,0.144775390625
298,0.072998046875,-0.989501953125,0.135498046875
299,0.07275390625,-1.000732421875,0.145263671875
300,0.074462890625,-0.998291015625,0.147705078125
301,0.06396484375,-1.00439453125,0.145751953125
302,0.068115234375,-1.000732421875,0.144287109375
303,0.08154296875,-0.99169921875,0.1318359375
304,0.08154296875,-0.99169921875,0.1318359375
305,0.067138671875,-1.01220703125,0.147705078125
306,0.068603515625,-0.997802734375,0.140625
307,0.072021484375,-0.991455078125,0.12646484375
308,0.06640625,-1.01123046875,0.155029296875
309,0.07373046875,-0.998046875,0.154296875
310,0.071533203125,-0.995361328125,0.130126953125
311,0.07666015625,-0.996826171875,0.144775390625
312,0.084228515625,-0.98876953125,0.14599609375
313,0.077392578125,-0.99560546875,0.1396484375
314,0.07763671875,-0.994873046875,0.138427734375
315,0.083984375,-0.988525390625,0.140625
316,0.083984375,-0.988525390625,0.140625
317,0.074462890625,-1.0029296875,0.154296875
318,0.0703125,-0.989501953125,0.13671875
319,0.069091796875,-0.984375,0.126220703125
320,0.06689453125,-1.00341796875,0.15283203125
321,0.07275390625,-0.994140625,0.15185546875
322,0.0654296875,-0.997314453125,0.130126953125
323,0.064697265625,-1.01123046875,0.154541015625
324,0.06884765625,-1.003173828125,0.154296875
325,0.056640625,-1.003173828125,0.129638671875
326,0.056640625,-1.003173828125,0.129638671875
327,0.05712890625,-1.00537109375,0.134033203125
328,0.068359375,-0.9990234375,0.144775390625
329,0.063720703125,-1.010009765625,0.15087890625
330,0.066162109375,-0.997802734375,0.130615234375
331,0.0703125,-0.99951171875,0.1376953125
332,0.0712890625,-1.00927734375,0.1552734375
333,0.07177734375,-0.99169921875,0.1376953125
334,0.0673828125,-0.9912109375,0.129150390625
335,0.072998046875,-0.998291015625,0.155517578125
336,0.076904296875,-0.990478515625,0.159912109375
337,0.076904296875,-0.990478515625,0.159912109375
338,0.069580078125,-0.985595703125,0.126953125
339,0.0712890625,-0.9873046875,0.13037109375
340,0.078369140625,-0.98779296875,0.14453125
341,0.064208984375,-1.001220703125,0.142822265625
342,0.067626953125,-0.9892578125,0.12255859375
343,0.0693359375,-0.99560546875,0.12353515625
344,0.062744140625,-1.012451171875,0.14501953125
345,0.06591796875,-0.99658203125,0.134521484375
346,0.061279296875,-1.000732421875,0.1220703125
347,0.069580078125,-1.01220703125,0.152587890625
348,0.069580078125,-1.01220703125,0.152587890625
349,0.06982421875,-1.00244140625,0.149169921875
350,0.060791015625,-1.003662109375,0.125
351,0.06982421875,-1.006103515625,0.145263671875
352,0.0751953125,-0.99609375,0.1552734375
353,0.064208984375,-1.0048828125,0.154541015625
354,0.06884765625,-0.99365234375,0.129638671875
355,0.0751953125,-0.99462890625,0.1455078125
356,0.072021484375,-1.003662109375,0.16845703125
357,0.073486328125,-0.982666015625,0.13623046875
358,0.072265625,-0.988037109375,0.130859375
359,0.072265625,-0.988037109375,0.130859375
360,0.07666015625,-0.997314453125,0.15380859375
361,0.075439453125,-0.986083984375,0.145263671875
362,0.068359375,-0.9912109375,0.131103515625
363,0.078369140625,-0.994873046875,0.1416015625
364,0.079833984375,-0.99365234375,0.153564453125
365,0.06494140625,-1.00146484375,0.139404296875
366,0.071044921875,-0.989501953125,0.11767578125
367,0.073486328125,-0.998291015625,0.131591796875
368,0.06494140625,-1.01220703125,0.151611328125
369,0.06494140625,-1.01220703125,0.151611328125
370,0.068115234375,-0.99951171875,0.135009765625
371,0.061279296875,-1.00341796875,0.117919921875
372,0.067626953125,-1.010498046875,0.157470703125
373,0.07275390625,-0.99462890625,0.140625
374,0.06103515625,-1.0009765625,0.1181640625
375,0.071533203125,-1.002685546875,0.15625
376,0.07421875,-0.9873046875,0.1552734375
377,0.058837890625,-1.00341796875,0.148681640625
378,0.072509765625,-0.997314453125,0.141845703125
379,0.077392578125,-0.99267578125,0.1572265625
380,0.077392578125,-0.99267578125,0.1572265625
381,0.066162109375,-1.00390625,0.1669921875
382,0.07666015625,-0.9853515625,0.1240234375
383,0.07666015625,-0.990966796875,0.13134765625
384,0.069091796875,-1.005859375,0.16943359375
385,0.07275390625,-0.98974609375,0.135986328125
386,0.0712890625,-1.0009765625,0.12890625
387,0.069580078125,-1.013916015625,0.161376953125
388,0.072509765625,-0.997314453125,0.142333984375
389,0.06005859375,-1.0,0.123046875
390,0.06005859375,-1.0,0.123046875
391,0.0615234375,-1.001220703125,0.13134765625
392,0.06982421875,-1.0,0.146240234375
393,0.063232421875,-1.012939453125,0.15380859375
394,0.063720703125,-0.998046875,0.12353515625
395,0.06689453125,-1.002685546875,0.129150390625
396,0.070068359375,-1.0126953125,0.16552734375
397,0.072998046875,-0.9931640625,0.1318359375
398,0.0673828125,-0.99853515625,0.120361328125
399,0.070556640625,-1.0078125,0.1591796875
400,0.075927734375,-0.99169921875,0.138916015625
401,0.075927734375,-0.99169921875,0.138916015625
402,0.067626953125,-0.993408203125,0.13037109375
403,0.076171875,-0.99658203125,0.156494140625
404,0.080322265625,-0.98486328125,0.152587890625
405,0.072509765625,-0.9873046875,0.139404296875
406,0.07421875,-0.986572265625,0.13037109375
407,0.0732421875,-0.993408203125,0.145751953125
408,0.071533203125,-1.004150390625,0.16015625
409,0.071533203125,-0.999755859375,0.13623046875
410,0.07177734375,-0.9970703125,0.128173828125
411,0.078125,-1.006103515625,0.164306640625
412,0.078125,-1.006103515625,0.164306640625
413,0.07373046875,-0.99755859375,0.139892578125
414,0.061279296875,-1.008544921875,0.136962890625
415,0.069580078125,-1.010498046875,0.15283203125
416,0.071044921875,-0.9970703125,0.14208984375
417,0.06005859375,-1.00537109375,0.142578125
418,0.072021484375,-1.0,0.132568359375
419,0.076904296875,-0.99560546875,0.140380859375
420,0.071044921875,-1.00244140625,0.158935546875
421,0.074951171875,-0.99072265625,0.13427734375
422,0.074951171875,-0.99072265625,0.13427734375
423,0.07421875,-0.98974609375,0.1318359375
424,0.07373046875,-0.9990234375,0.1611328125
425,0.078125,-0.98583984375,0.12890625
426,0.07861328125,-0.9892578125,0.120849609375
427,0.079833984375,-0.991943359375,0.144287109375
428,0.08154296875,-0.98583984375,0.147216796875
429,0.075439453125,-0.99267578125,0.13916015625
430,0.072509765625,-1.001220703125,0.1484375
431,0.072509765625,-1.0,0.1416015625
432,0.067138671875,-1.0,0.1435546875
433,0.067138671875,-1.0,0.1435546875
434,0.063720703125,-0.992431640625,0.13037109375
435,0.06201171875,-0.99951171875,0.137451171875
436,0.0634765625,-1.0107421875,0.1611328125
437,0.06201171875,-1.006591796875,0.130615234375
438,0.05859375,-1.011962890625,0.132568359375
439,0.06884765625,-1.013427734375,0.157470703125
440,0.0703125,-1.002685546875,0.14404296875
441,0.059326171875,-1.001708984375,0.136962890625
442,0.067626953125,-0.998291015625,0.155517578125
443,0.074951171875,-0.988525390625,0.15087890625
444,0.074951171875,-0.988525390625,0.15087890625
445,0.069580078125,-0.99609375,0.147705078125
446,0.074951171875,-0.99560546875,0.140869140625
447,0.075927734375,-0.994873046875,0.146728515625
448,0.072509765625,-0.993408203125,0.14111328125
449,0.072509765625,-0.986083984375,0.125
450,0.072021484375,-0.9912109375,0.134521484375
451,0.07275390625,-0.9990234375,0.14306640625
452,0.069580078125,-0.99609375,0.133056640625
453,0.066162109375,-1.002197265625,0.13623046875
454,0.066162109375,-1.002197265625,0.13623046875
455,0.072998046875,-1.002197265625,0.14208984375
456,0.069580078125,-0.996337890625,0.132080078125
457,0.061279296875,-0.99853515625,0.135009765625
458,0.068115234375,-0.999267578125,0.151123046875
459,0.065185546875,-1.0,0.140380859375
460,0.063720703125,-1.0,0.126953125
461,0.072509765625,-1.006103515625,0.14306640625
462,0.072509765625,-1.008544921875,0.15234375
463,0.06884765625,-1.0078125,0.153564453125
464,0.07568359375,-1.0029296875,0.1416015625
465,0.07568359375,-1.0029296875,0.1416015625
466,0.07666015625,-0.998046875,0.1455078125
467,0.07275390625,-0.9921875,0.147216796875
468,0.0712890625,-0.990966796875,0.14013671875
469,0.071044921875,-0.98779296875,0.142822265625
470,0.072998046875,-0.984375,0.14599609375
471,0.074462890625,-0.98291015625,0.129150390625
472,0.077880859375,-0.98876953125,0.14501953125
473,0.075927734375,-0.99462890625,0.15185546875
474,0.0771484375,-0.9931640625,0.13427734375
475,0.07568359375,-0.994384765625,0.1357421875
476,0.07568359375,-0.994384765625,0.1357421875
477,0.0673828125,-0.9990234375,0.12890625
478,0.069580078125,-0.99755859375,0.13037109375
479,0.072509765625,-0.991943359375,0.133056640625
480,0.0654296875,-1.0029296875,0.139892578125
481,0.063720703125,-1.010986328125,0.145751953125
482,0.067138671875,-1.004150390625,0.136474609375
483,0.068115234375,-0.999267578125,0.131591796875
484,0.0673828125,-1.00390625,0.157470703125
485,0.07080078125,-1.008056640625,0.1552734375
486,0.07080078125,-1.008056640625,0.1552734375
487,0.067626953125,-1.003173828125,0.138671875
488,0.067138671875,-0.998046875,0.153564453125
489,0.07421875,-0.998046875,0.149169921875
490,0.074951171875,-0.9970703125,0.144287109375
491,0.071533203125,-0.9931640625,0.155517578125
492,0.072509765625,-0.991943359375,0.14501953125
493,0.073486328125,-0.993408203125,0.136962890625
494,0.070068359375,-0.987060546875,0.135009765625
495,0.060791015625,-0.998046875,0.1484375
496,0.06787109375,-1.00048828125,0.153076171875
497,0.06787109375,-1.00048828125,0.153076171875
498,0.07080078125,-0.99560546875,0.13037109375
499,0.0615234375,-1.005615234375,0.13134765625
500,0.06591796875,-1.002685546875,0.1513671875
501,0.06982421875,-0.994140625,0.135009765625
502,0.06494140625,-1.0048828125,0.137939453125
503,0.062255859375,-1.008544921875,0.145751953125
504,0.063232421875,-1.003173828125,0.1318359375
505,0.06298828125,-1.008056640625,0.14306640625
506,0.0712890625,-1.001708984375,0.150634765625
507,0.071533203125,-0.998291015625,0.1396484375
508,0.071533203125,-0.998291015625,0.1396484375
509,0.0703125,-0.997314453125,0.132080078125
510,0.07421875,-0.9912109375,0.130615234375
511,0.07568359375,-0.990478515625,0.128662109375
512,0.073486328125,-0.99658203125,0.1552734375
513,0.073486328125,-0.988525390625,0.136962890625
514,0.07373046875,-0.994140625,0.13525390625
515,0.078857421875,-0.99755859375,0.145263671875
516,0.075439453125,-0.991455078125,0.130126953125
517,0.0654296875,-0.998779296875,0.140869140625
518,0.0654296875,-0.998779296875,0.140869140625
519,0.070556640625,-1.001220703125,0.1494140625
520,0.07177734375,-0.998779296875,0.135986328125
521,0.066650390625,-1.002197265625,0.131591796875
522,0.07080078125,-0.993896484375,0.13134765625
523,0.06640625,-1.001953125,0.14208984375
524,0.06494140625,-1.011474609375,0.156005859375
525,0.06982421875,-0.997802734375,0.138427734375
526,0.067138671875,-1.00244140625,0.144287109375
527,0.065673828125,-1.005615234375,0.151611328125
528,0.0673828125,-1.00048828125,0.1494140625
529,0.0673828125,-1.00048828125,0.1494140625
530,0.07080078125,-1.005126953125,0.149658203125
531,0.072021484375,-1.00830078125,0.152099609375
532,0.0751953125,-0.99462890625,0.13427734375
533,0.075927734375,-0.994384765625,0.141845703125
534,0.078125,-0.992919921875,0.143310546875
535,0.080810546875,-0.990234375,0.144775390625
536,0.076416015625,-0.989990234375,0.138427734375
537,0.072021484375,-0.98974609375,0.1298828125
538,0.0693359375,-0.9931640625,0.137939453125
539,0.070068359375,-0.99560546875,0.13916015625
540,0.070068359375,-0.99560546875,0.13916015625
541,0.0771484375,-0.993896484375,0.1435546875
542,0.0703125,-1.000244140625,0.142578125
543,0.0673828125,-1.001708984375,0.13525390625
544,0.072265625,-0.988525390625,0.130859375
545,0.064453125,-1.005859375,0.161376953125
546,0.063720703125,-1.008056640625,0.146240234375
547,0.068603515625,-1.001953125,0.131591796875
548,0.065673828125,-1.009521484375,0.1357421875
549,0.06494140625,-1.010009765625,0.14208984375
550,0.068115234375,-0.999267578125,0.14404296875
551,0.068115234375,-0.999267578125,0.14404296875
552,0.068359375,-0.996337890625,0.141845703125
553,0.072021484375,-1.00390625,0.14892578125
554,0.07177734375,-0.996337890625,0.1435546875
555,0.06982421875,-0.99169921875,0.135986328125
556,0.07275390625,-0.991455078125,0.14501953125
557,0.07275390625,-0.998291015625,0.162841796875
558,0.070068359375,-0.9892578125,0.126953125
559,0.074462890625,-0.980712890625,0.12060546875
560,0.072509765625,-0.9921875,0.14404296875
561,0.072509765625,-0.9921875,0.14404296875
562,0.06787109375,-1.0,0.138916015625
563,0.074462890625,-0.9990234375,0.137451171875
564,0.067138671875,-1.003662109375,0.148193359375
565,0.06298828125,-1.003662109375,0.14306640625
566,0.068115234375,-0.986083984375,0.10888671875
567,0.069580078125,-1.005859375,0.141845703125
568,0.06982421875,-1.0126953125,0.156005859375
569,0.06591796875,-0.997802734375,0.130615234375
570,0.064453125,-1.002197265625,0.132080078125
571,0.062744140625,-1.009765625,0.158203125
572,0.062744140625,-1.009765625,0.158203125
573,0.063232421875,-1.003662109375,0.15234375
574,0.06787109375,-0.999267578125,0.13623046875
575,0.07177734375,-1.00732421875,0.164794921875
576,0.07275390625,-0.993408203125,0.13671875
577,0.069091796875,-0.992919921875,0.1298828125
578,0.072998046875,-0.99169921875,0.14794921875
579,0.077880859375,-0.991943359375,0.158447265625
580,0.07666015625,-0.9921875,0.13916015625
581,0.07373046875,-0.987548828125,0.12548828125
582,0.072998046875,-0.99365234375,0.148193359375
583,0.072998046875,-0.99365234375,0.148193359375
584,0.072265625,-0.993408203125,0.134033203125
585,0.071044921875,-0.995361328125,0.131103515625
586,0.07763671875,-0.9970703125,0.136474609375
587,0.075439453125,-0.998291015625,0.136962890625
588,0.06689453125,-0.991943359375,0.1328125
589,0.066650390625,-0.99609375,0.142822265625
590,0.0654296875,-1.002685546875,0.156005859375
591,0.060546875,-0.99462890625,0.130859375
592,0.061767578125,-1.00048828125,0.124267578125
593,0.061767578125,-1.00048828125,0.124267578125
594,0.069091796875,-1.0078125,0.147705078125
595,0.0693359375,-1.006591796875,0.152099609375
596,0.066650390625,-1.006103515625,0.150634765625
597,0.070556640625,-1.000732421875,0.14501953125
598,0.072021484375,-1.00341796875,0.155029296875
599,0.071044921875,-1.003662109375,0.147705078125
600,0.069091796875,-0.9921875,0.139892578125
601,0.071044921875,-0.993408203125,0.16455078125
602,0.072509765625,-0.996337890625,0.149658203125
603,0.070068359375,-0.983154296875,0.119873046875
604,0.070068359375,-0.983154296875,0.119873046875
605,0.073486328125,-0.98291015625,0.133544921875
606,0.073974609375,-0.9970703125,0.1630859375
607,0.07080078125,-0.999267578125,0.15478515625
608,0.068603515625,-0.99462890625,0.1279296875
609,0.0673828125,-1.0009765625,0.130859375
610,0.06787109375,-0.999267578125,0.128173828125
611,0.066650390625,-0.99658203125,0.12646484375
612,0.065185546875,-1.002685546875,0.1494140625
613,0.062744140625,-0.99951171875,0.147216796875
614,0.062744140625,-0.99951171875,0.147216796875
615,0.064453125,-1.00146484375,0.1328125
616,0.068359375,-0.998779296875,0.1298828125
617,0.06494140625,-1.006103515625,0.152587890625
618,0.067138671875,-1.00634765625,0.144287109375
619,0.06982421875,-0.994384765625,0.14013671875
620,0.066650390625,-0.98974609375,0.144775390625
621,0.059814453125,-0.98779296875,0.135986328125
622,0.056640625,-0.984619140625,0.14404296875
623,0.064208984375,-1.003662109375,0.14892578125
624,0.0673828125,-1.032958984375,0.146484375
625,0.0673828125,-1.032958984375,0.146484375
626,0.074951171875,-1.021728515625,0.11767578125
627,0.08544921875,-1.0087890625,0.1044921875
628,0.09375,-1.01025390625,0.134521484375
629,0.095947265625,-1.001220703125,0.146240234375
630,0.08984375,-0.989013671875,0.14404296875
631,0.081298828125,-0.99072265625,0.15869140625
632,0.07666015625,-0.984130859375,0.167236328125
633,0.080078125,-0.97509765625,0.185302734375
634,0.079833984375,-0.96484375,0.18896484375
635,0.080322265625,-0.958251953125,0.185302734375
636,0.080322265625,-0.958251953125,0.185302734375
637,0.0888671875,-0.956787109375,0.1533203125
638,0.089111328125,-0.96533203125,0.140625
639,0.07666015625,-0.987548828125,0.1484375
640,0.076416015625,-1.001220703125,0.132080078125
641,0.077880859375,-1.014404296875,0.111328125
642,0.062744140625,-1.025634765625,0.078369140625
643,0.052001953125,-1.034912109375,0.098388671875
644,0.053466796875,-1.028076171875,0.115234375
645,0.0458984375,-1.0234375,0.12548828125
646,0.0458984375,-1.0234375,0.12548828125
647,0.03857421875,-1.010498046875,0.138916015625
648,0.056884765625,-0.986572265625,0.1142578125
649,0.064453125,-0.98681640625,0.11572265625
650,0.053466796875,-1.00439453125,0.15478515625
651,0.058349609375,-1.021484375,0.17138671875
652,0.0546875,-1.0263671875,0.16015625
653,0.043701171875,-1.024658203125,0.152587890625
654,0.057861328125,-1.002685546875,0.144287109375
655,0.06640625,-0.987548828125,0.14794921875
656,0.062744140625,-0.99560546875,0.166259765625
657,0.062744140625,-0.99560546875,0.166259765625
658,0.073486328125,-0.9833984375,0.1484375
659,0.091796875,-0.95947265625,0.107177734375
660,0.0888671875,-0.973876953125,0.12353515625
661,0.07373046875,-1.006103515625,0.16162109375
662,0.072265625,-1.00439453125,0.160888671875
663,0.07373046875,-0.9921875,0.151611328125
664,0.070068359375,-1.0029296875,0.16162109375
665,0.06103515625,-1.00830078125,0.162841796875
666,0.067138671875,-0.986328125,0.135009765625
667,0.07275390625,-0.98583984375,0.126708984375
668,0.07275390625,-0.98583984375,0.126708984375
669,0.07275390625,-1.003173828125,0.146728515625
670,0.081298828125,-0.987060546875,0.1396484375
671,0.0712890625,-0.997802734375,0.160888671875
672,0.064208984375,-1.01171875,0.17431640625
673,0.083251953125,-0.994873046875,0.141845703125
674,0.086181640625,-0.990234375,0.10205078125
675,0.072998046875,-0.997314453125,0.1103515625
676,0.0703125,-0.995361328125,0.128173828125
677,0.06884765625,-0.994873046875,0.122314453125
678,0.06884765625,-0.994873046875,0.122314453125
679,0.05908203125,-1.0224609375,0.174072265625
680,0.061279296875,-1.023681640625,0.174560546875
681,0.070068359375,-1.0126953125,0.13427734375
682,0.072509765625,-0.9912109375,0.114013671875
683,0.085205078125,-0.97265625,0.1201171875
684,0.092529296875,-0.966796875,0.113525390625
685,0.078857421875,-0.983154296875,0.13427734375
686,0.07275390625,-0.9970703125,0.154296875
687,0.076171875,-0.986572265625,0.173095703125
688,0.072998046875,-0.994384765625,0.199951171875
689,0.072998046875,-0.994384765625,0.199951171875
690,0.0732421875,-0.996826171875,0.15869140625
691,0.072021484375,-1.001220703125,0.14208984375
692,0.06982421875,-0.99267578125,0.10791015625
693,0.06396484375,-1.001708984375,0.106201171875
694,0.069091796875,-1.01416015625,0.15185546875
695,0.072265625,-1.001708984375,0.160400390625
696,0.05517578125,-1.0078125,0.164306640625
697,0.063232421875,-1.0009765625,0.1650390625
698,0.07421875,-0.97509765625,0.1220703125
699,0.058349609375,-0.993408203125,0.126953125
700,0.058349609375,-0.993408203125,0.126953125
701,0.052001953125,-1.01953125,0.156494140625
702,0.05908203125,-0.998291015625,0.097900390625
703,0.05517578125,-1.01708984375,0.131591796875
704,0.0576171875,-1.022705078125,0.156982421875
705,0.0693359375,-1.00048828125,0.125732421875
706,0.06640625,-1.00390625,0.138671875
707,0.06396484375,-0.9970703125,0.120849609375
708,0.070556640625,-0.9775390625,0.088134765625
709,0.075927734375,-0.97021484375,0.1025390625
710,0.075927734375,-0.97021484375,0.1025390625
711,0.07177734375,-0.984375,0.1474609375
712,0.073974609375,-0.989990234375,0.16796875
713,0.072998046875,-1.005615234375,0.204345703125
714,0.060791015625,-1.010498046875,0.181884765625
715,0.057861328125,-1.00830078125,0.158447265625
716,0.06396484375,-1.000244140625,0.146728515625
717,0.0712890625,-0.994384765625,0.11376953125
718,0.07080078125,-1.0029296875,0.125244140625
719,0.071044921875,-0.996826171875,0.1279296875
720,0.07763671875,-0.989013671875,0.122802734375
721,0.07763671875,-0.989013671875,0.122802734375
722,0.080322265625,-0.99365234375,0.14697265625
723,0.076904296875,-0.98779296875,0.125732421875
724,0.073486328125,-0.983154296875,0.114990234375
725,0.07373046875,-1.001220703125,0.148193359375
726,0.06494140625,-1.0078125,0.133544921875
727,0.065673828125,-1.013671875,0.16357421875
728,0.07177734375,-1.014404296875,0.176025390625
729,0.072021484375,-1.0078125,0.151611328125
730,0.079345703125,-1.00048828125,0.152587890625
731,0.079345703125,-1.00048828125,0.152587890625
732,0.079833984375,-0.984375,0.12646484375
733,0.072509765625,-0.98193359375,0.11474609375
734,0.074462890625,-0.9765625,0.116455078125
735,0.077880859375,-0.979248046875,0.136962890625
736,0.07568359375,-0.9892578125,0.157470703125
737,0.0751953125,-0.990234375,0.15380859375
738,0.071533203125,-0.99755859375,0.14794921875
739,0.072265625,-1.0029296875,0.16064453125
740,0.0703125,-1.000732421875,0.138671875
741,0.069091796875,-1.001220703125,0.123779296875
742,0.069091796875,-1.001220703125,0.123779296875
743,0.0712890625,-1.006103515625,0.156494140625
744,0.064453125,-0.99609375,0.13427734375
745,0.067138671875,-0.994873046875,0.144775390625
746,0.072998046875,-0.9892578125,0.14892578125
747,0.06591796875,-0.991943359375,0.139404296875
748,0.064208984375,-1.0029296875,0.150634765625
749,0.065185546875,-0.995849609375,0.14013671875
750,0.0654296875,-0.996826171875,0.132080078125
751,0.065185546875,-1.003173828125,0.134033203125
752,0.060546875,-1.01171875,0.14013671875
753,0.060546875,-1.01171875,0.14013671875
754,0.062255859375,-1.011474609375,0.139404296875
755,0.06298828125,-1.0078125,0.152587890625
756,0.0673828125,-0.9970703125,0.14404296875
757,0.070556640625,-0.993408203125,0.1455078125
758,0.069580078125,-0.993896484375,0.15625
759,0.072998046875,-0.996337890625,0.158203125
760,0.068359375,-0.997314453125,0.16064453125
761,0.062744140625,-0.9931640625,0.1337890625
762,0.06494140625,-0.998046875,0.127685546875
763,0.071044921875,-0.997314453125,0.1376953125
764,0.06884765625,-1.00341796875,0.140869140625
765,0.064453125,-1.00146484375,0.136474609375
766,0.065185546875,-0.99267578125,0.135009765625
767,0.06884765625,-0.99462890625,0.12841796875
768,0.070068359375,-0.997314453125,0.138671875
769,0.06689453125,-0.98876953125,0.1484375
770,0.071533203125,-0.99072265625,0.143798828125
771,0.07470703125,-1.00048828125,0.166748046875
772,0.069580078125,-0.99951171875,0.1552734375
773,0.072021484375,-1.0029296875,0.140869140625
774,0.073486328125,-1.004638671875,0.157470703125
775,0.072509765625,-0.998779296875,0.14697265625
776,0.0712890625,-0.993408203125,0.128662109375
777,0.06884765625,-0.9921875,0.133544921875
778,0.072265625,-0.993408203125,0.1396484375
779,0.072998046875,-1.00244140625,0.14111328125
780,0.0712890625,-1.005615234375,0.141845703125
781,0.069091796875,-0.99853515625,0.130859375
782,0.071044921875,-0.995361328125,0.12109375
783,0.075927734375,-0.99072265625,0.124267578125
784,0.07666015625,-0.989013671875,0.129150390625
785,0.07177734375,-0.99560546875,0.1416015625
786,0.06591796875,-0.994140625,0.131103515625
787,0.068115234375,-0.993896484375,0.1259765625
788,0.072265625,-1.00390625,0.15625
789,0.069091796875,-0.999755859375,0.149658203125
790,0.06787109375,-0.990966796875,0.141357421875
791,0.06982421875,-0.995361328125,0.159912109375
792,0.073974609375,-1.000244140625,0.15673828125
793,0.07763671875,-1.003662109375,0.15087890625
794,0.074951171875,-1.006591796875,0.153076171875
795,0.072998046875,-0.997314453125,0.14111328125
796,0.07666015625,-0.990966796875,0.12841796875
797,0.078369140625,-0.989013671875,0.11767578125
798,0.078369140625,-0.989013671875,0.11767578125
799,0.07080078125,-0.990234375,0.123046875
800,0.06591796875,-0.998291015625,0.150146484375
801,0.0654296875,-0.99560546875,0.149658203125
802,0.064453125,-0.9970703125,0.16259765625
803,0.064208984375,-1.005859375,0.172607421875
804,0.066650390625,-0.999267578125,0.138427734375
805,0.068603515625,-0.996337890625,0.12939453125
806,0.06591796875,-1.0029296875,0.13330078125
807,0.06201171875,-1.009521484375,0.14208984375
808,0.05810546875,-1.012939453125,0.15478515625
809,0.05908203125,-1.0048828125,0.1416015625
810,0.062744140625,-1.001220703125,0.13916015625
811,0.068603515625,-0.998046875,0.13818359375
812,0.070068359375,-0.994873046875,0.13330078125
813,0.071044921875,-0.995849609375,0.13427734375
814,0.074951171875,-1.001220703125,0.141845703125
815,0.0732421875,-1.004638671875,0.15625
816,0.072998046875,-1.00048828125,0.1611328125
817,0.076416015625,-0.990234375,0.1396484375
818,0.0771484375,-0.982177734375,0.119873046875
819,0.072265625,-0.98583984375,0.1279296875
820,0.072509765625,-0.9873046875,0.11865234375
821,0.0703125,-0.998046875,0.1298828125
822,0.065185546875,-1.004150390625,0.15966796875
823,0.06640625,-0.99951171875,0.154296875
824,0.070068359375,-1.0029296875,0.151123046875
825,0.070556640625,-1.003662109375,0.1572265625
826,0.0693359375,-1.001708984375,0.150634765625
827,0.064697265625,-1.0029296875,0.144287109375
828,0.062255859375,-1.004638671875,0.14306640625
829,0.066650390625,-1.00244140625,0.131591796875
830,0.06494140625,-1.004150390625,0.12939453125
831,0.06689453125,-1.006591796875,0.141845703125
832,0.072265625,-1.006591796875,0.148193359375
833,0.069580078125,-0.996337890625,0.13330078125
834,0.0732421875,-0.99169921875,0.1328125
835,0.0732421875,-0.993408203125,0.1484375
836,0.073974609375,-0.986328125,0.13720703125
837,0.080322265625,-0.9873046875,0.1376953125
838,0.080322265625,-0.98486328125,0.140380859375
839,0.078369140625,-0.984619140625,0.12890625
840,0.072998046875,-0.9892578125,0.1337890625
841,0.0732421875,-0.9970703125,0.145751953125
842,0.0751953125,-1.002197265625,0.1435546875
843,0.071044921875,-1.003173828125,0.142578125
844,0.071044921875,-1.003173828125,0.142578125
845,0.071533203125,-1.000732421875,0.129150390625
846,0.071044921875,-0.998779296875,0.12890625
847,0.0634765625,-1.00390625,0.1494140625
848,0.06494140625,-0.99951171875,0.136962890625
849,0.064208984375,-1.003173828125,0.140380859375
850,0.06005859375,-1.0078125,0.15234375
851,0.061767578125,-1.007080078125,0.15087890625
852,0.065185546875,-1.00390625,0.15283203125
853,0.06591796875,-1.001708984375,0.1513671875
854,0.067626953125,-0.998291015625,0.146240234375
855,0.070068359375,-0.997314453125,0.140869140625
856,0.067626953125,-0.99560546875,0.1416015625
857,0.0693359375,-0.99365234375,0.14697265625
858,0.071533203125,-0.997802734375,0.154052734375
859,0.070556640625,-0.988037109375,0.1435546875
860,0.0712890625,-0.991455078125,0.138671875
861,0.073974609375,-0.995361328125,0.134033203125
862,0.076171875,-0.994384765625,0.131591796875
863,0.0732421875,-1.0029296875,0.134033203125
864,0.069580078125,-0.998779296875,0.11669921875
865,0.069091796875,-0.995849609375,0.1123046875
866,0.069091796875,-0.99658203125,0.125732421875
867,0.06787109375,-0.997314453125,0.143798828125
868,0.06396484375,-0.995849609375,0.146728515625
869,0.0615234375,-0.996826171875,0.14501953125
870,0.067626953125,-1.0029296875,0.143798828125
871,0.070068359375,-1.00732421875,0.1416015625
872,0.067138671875,-1.010986328125,0.14404296875
873,0.069580078125,-1.009765625,0.142333984375
874,0.06884765625,-1.005615234375,0.147705078125
875,0.069091796875,-0.999755859375,0.1435546875
876,0.071533203125,-0.997314453125,0.1474609375
877,0.072998046875,-0.991455078125,0.150390625
878,0.077392578125,-0.987060546875,0.14453125
879,0.079345703125,-0.99072265625,0.149658203125
880,0.071533203125,-0.992919921875,0.14794921875
881,0.067626953125,-0.992431640625,0.1474609375
882,0.067626953125,-0.992431640625,0.1474609375
883,0.07470703125,-0.997314453125,0.153564453125
884,0.072509765625,-1.00390625,0.15185546875
885,0.072509765625,-0.999755859375,0.13671875
886,0.07275390625,-0.995849609375,0.13037109375
887,0.07177734375,-0.994140625,0.12890625
888,0.074462890625,-0.988037109375,0.119384765625
889,0.068603515625,-0.989013671875,0.122314453125
890,0.06591796875,-0.995849609375,0.12939453125
891,0.06884765625,-0.99609375,0.117431640625
892,0.06787109375,-0.999755859375,0.126708984375
893,0.06640625,-1.008056640625,0.150146484375
894,0.071533203125,-1.007568359375,0.149169921875
895,0.074462890625,-1.000244140625,0.14013671875
896,0.071533203125,-0.996337890625,0.133056640625
897,0.068115234375,-0.998046875,0.13427734375
898,0.068603515625,-0.99267578125,0.13427734375
899,0.070068359375,-0.99755859375,0.152587890625
900,0.07080078125,-0.997314453125,0.152099609375
901,0.0693359375,-0.993896484375,0.146484375
902,0.06689453125,-0.99609375,0.158203125
903,0.068359375,-0.996337890625,0.154296875
904,0.069091796875,-1.00244140625,0.15185546875
905,0.06884765625,-1.0,0.148681640625
906,0.0673828125,-0.996826171875,0.14990234375
907,0.069580078125,-0.992431640625,0.14501953125
908,0.0703125,-0.991943359375,0.1455078125
909,0.0703125,-0.991943359375,0.1455078125
910,0.066162109375,-0.990966796875,0.138916015625
911,0.068115234375,-0.997314453125,0.135009765625
912,0.06689453125,-1.007080078125,0.1328125
913,0.06396484375,-1.0087890625,0.123779296875
914,0.06689453125,-1.0087890625,0.1318359375
915,0.072998046875,-1.004150390625,0.133056640625
916,0.0732421875,-1.002685546875,0.137939453125
917,0.071044921875,-0.999267578125,0.13916015625
918,0.072509765625,-0.99462890625,0.138427734375
919,0.070556640625,-0.99169921875,0.14892578125
920,0.071044921875,-0.992431640625,0.153564453125
921,0.0712890625,-0.989013671875,0.145751953125
922,0.072998046875,-0.982666015625,0.129150390625
923,0.074462890625,-0.98876953125,0.12841796875
924,0.07177734375,-0.9970703125,0.130615234375
925,0.070556640625,-1.0029296875,0.1494140625
926,0.072021484375,-1.000244140625,0.150390625
927,0.07080078125,-0.99365234375,0.13623046875
928,0.069580078125,-0.988525390625,0.13916015625
929,0.0703125,-0.99267578125,0.140869140625
930,0.0673828125,-0.999755859375,0.14892578125
931,0.067626953125,-1.00341796875,0.142578125
932,0.06494140625,-1.0087890625,0.14599609375
933,0.06396484375,-1.004638671875,0.14404296875
934,0.0703125,-1.0029296875,0.14208984375
935,0.0703125,-1.0029296875,0.14208984375
936,0.06982421875,-0.998291015625,0.1396484375
937,0.06787109375,-0.99853515625,0.142578125
938,0.07177734375,-0.99267578125,0.13916015625
939,0.07373046875,-0.988525390625,0.13525390625
940,0.072998046875,-0.98974609375,0.141845703125
941,0.0751953125,-0.9853515625,0.130615234375
942,0.07568359375,-0.98876953125,0.13037109375
943,0.074951171875,-0.991455078125,0.1318359375
944,0.07421875,-0.9951171875,0.1279296875
945,0.0732421875,-0.99609375,0.133544921875
946,0.071044921875,-1.001220703125,0.1376953125
947,0.070556640625,-1.000244140625,0.133056640625
948,0.0712890625,-0.992431640625,0.135009765625
949,0.067626953125,-0.992431640625,0.139892578125
950,0.06640625,-0.998779296875,0.14599609375
951,0.06396484375,-1.002685546875,0.14599609375
952,0.0634765625,-1.003173828125,0.14501953125
953,0.062744140625,-1.00341796875,0.14697265625
954,0.059814453125,-1.005126953125,0.150634765625
955,0.06201171875,-1.008056640625,0.1513671875
956,0.065673828125,-1.00439453125,0.154052734375
957,0.065673828125,-0.996826171875,0.14306640625
958,0.066650390625,-0.99365234375,0.13134765625
959,0.07177734375,-0.994384765625,0.137451171875
960,0.07421875,-0.994140625,0.135986328125
961,0.07373046875,-0.994384765625,0.1435546875
962,0.071044921875,-0.992431640625,0.14794921875
963,0.071044921875,-0.992431640625,0.14794921875
964,0.0673828125,-0.9921875,0.137451171875
965,0.07080078125,-0.996826171875,0.13916015625
966,0.070068359375,-1.0,0.147216796875
967,0.06689453125,-1.005615234375,0.15380859375
968,0.06591796875,-1.0087890625,0.15234375
969,0.070068359375,-1.008056640625,0.14404296875
970,0.07568359375,-1.0029296875,0.1396484375
971,0.0703125,-0.998046875,0.133056640625
972,0.06884765625,-0.99560546875,0.131591796875
973,0.07177734375,-0.991943359375,0.126220703125
974,0.0732421875,-0.995361328125,0.12890625
975,0.070556640625,-0.999267578125,0.13818359375
976,0.065185546875,-1.003662109375,0.149169921875
977,0.064208984375,-1.003173828125,0.1494140625
978,0.066650390625,-1.00244140625,0.14013671875
979,0.068115234375,-1.001953125,0.141845703125
980,0.067138671875,-0.994384765625,0.14501953125
981,0.066162109375,-0.990478515625,0.148193359375
982,0.068115234375,-0.987060546875,0.14794921875
983,0.069580078125,-0.987548828125,0.15185546875
984,0.0693359375,-0.991455078125,0.147705078125
985,0.072265625,-0.995361328125,0.141357421875
986,0.0693359375,-0.999267578125,0.1474609375
987,0.067626953125,-1.003662109375,0.15087890625
988,0.070068359375,-1.00146484375,0.148193359375
989,0.069091796875,-0.99755859375,0.146240234375
990,0.069091796875,-0.99755859375,0.146240234375
991,0.066650390625,-1.000244140625,0.146484375
992,0.068603515625,-0.994384765625,0.1357421875
993,0.072998046875,-0.9912109375,0.12548828125
994,0.07177734375,-0.99658203125,0.125244140625
995,0.0673828125,-0.997802734375,0.123779296875
996,0.065673828125,-0.99609375,0.1240234375
997,0.06884765625,-0.994384765625,0.124755859375
998,0.067626953125,-1.001708984375,0.14013671875
999,0.07080078125,-1.001220703125,0.1513671875
1000,0.06884765625,-0.996826171875,0.13623046875
1001,0.0654296875,-1.0,0.140869140625
1002,0.0693359375,-0.998046875,0.158203125
1003,0.073974609375,-0.99267578125,0.1494140625
1004,0.072509765625,-0.9970703125,0.149169921875
1005,0.068603515625,-1.00048828125,0.14990234375
1006,0.072509765625,-0.995361328125,0.137451171875
1007,0.072265625,-0.99560546875,0.141357421875
1008,0.071533203125,-0.99658203125,0.14404296875
1009,0.071044921875,-0.9990234375,0.143310546875
1010,0.068359375,-1.000244140625,0.141845703125
1011,0.064208984375,-0.998779296875,0.14111328125
1012,0.06689453125,-0.9951171875,0.147216796875
1013,0.0732421875,-0.99462890625,0.149658203125
1014,0.06982421875,-0.997314453125,0.139404296875
1015,0.0654296875,-0.99951171875,0.13134765625
1016,0.069091796875,-1.003173828125,0.1318359375
1017,0.0703125,-1.00341796875,0.13037109375
1018,0.0703125,-1.00341796875,0.13037109375
1019,0.07177734375,-1.00146484375,0.13330078125
1020,0.074462890625,-1.0009765625,0.1337890625
1021,0.074462890625,-0.99755859375,0.136474609375
1022,0.0703125,-0.995361328125,0.134033203125
1023,0.066650390625,-0.99560546875,0.14306640625
1024,0.068115234375,-0.995849609375,0.156982421875
1025,0.064208984375,-0.99365234375,0.149658203125
1026,0.0693359375,-0.990234375,0.13671875
1027,0.080322265625,-0.9912109375,0.132080078125
1028,0.0751953125,-0.99853515625,0.137939453125
1029,0.07177734375,-1.000732421875,0.135498046875
1030,0.07275390625,-0.996826171875,0.133544921875
1031,0.06982421875,-0.99853515625,0.133056640625
1032,0.06787109375,-0.997802734375,0.133056640625
1033,0.068359375,-0.993896484375,0.1416015625
1034,0.069580078125,-0.995849609375,0.1474609375
1035,0.062744140625,-1.0029296875,0.154052734375
1036,0.06494140625,-1.002685546875,0.146240234375
1037,0.0654296875,-1.002685546875,0.138916015625
1038,0.067626953125,-1.007568359375,0.146728515625
1039,0.07080078125,-1.001220703125,0.14697265625
1040,0.068603515625,-0.998291015625,0.1435546875
1041,0.0693359375,-1.001708984375,0.141845703125
1042,0.069091796875,-1.000244140625,0.138671875
1043,0.072021484375,-0.999755859375,0.1435546875
1044,0.072509765625,-0.993896484375,0.14306640625
1045,0.072509765625,-0.993896484375,0.14306640625
1046,0.072021484375,-0.98388671875,0.13330078125
1047,0.072021484375,-0.9853515625,0.139404296875
1048,0.079345703125,-0.9873046875,0.139892578125
1049,0.077392578125,-0.9912109375,0.14697265625
1050,0.0712890625,-0.998046875,0.153076171875
1051,0.071533203125,-0.99951171875,0.144287109375
1052,0.072021484375,-1.00048828125,0.1318359375
1053,0.070068359375,-1.002685546875,0.126708984375
1054,0.0703125,-0.995361328125,0.12451171875
1055,0.069580078125,-0.99365234375,0.1318359375
1056,0.068359375,-0.999267578125,0.143310546875
1057,0.06787109375,-1.002197265625,0.140380859375
1058,0.064453125,-1.003173828125,0.136474609375
1059,0.066162109375,-1.000244140625,0.13623046875
1060,0.06787109375,-1.00244140625,0.149658203125
1061,0.0703125,-1.00439453125,0.155029296875
1062,0.071044921875,-1.005615234375,0.141845703125
1063,0.07177734375,-0.997314453125,0.140625
1064,0.071044921875,-0.98974609375,0.152099609375
1065,0.072265625,-0.98876953125,0.149658203125
1066,0.07275390625,-0.989990234375,0.14794921875
1067,0.07470703125,-0.98974609375,0.137939453125
1068,0.073974609375,-0.992919921875,0.13232421875
1069,0.0693359375,-0.9931640625,0.1357421875
1070,0.0703125,-0.998779296875,0.139404296875
1071,0.07080078125,-1.009033203125,0.1416015625
1072,0.066162109375,-1.005615234375,0.135986328125
1073,0.064453125,-0.99365234375,0.123046875
1074,0.06494140625,-0.990966796875,0.128662109375
1075,0.06494140625,-0.990966796875,0.128662109375
1076,0.064453125,-0.99609375,0.142822265625
1077,0.06201171875,-0.99853515625,0.13037109375
1078,0.06103515625,-1.005126953125,0.134765625
1079,0.06640625,-1.00537109375,0.137939453125
1080,0.068359375,-1.006103515625,0.137939453125
1081,0.071044921875,-1.004638671875,0.1435546875
1082,0.069580078125,-0.999267578125,0.1455078125
1083,0.067626953125,-0.995849609375,0.147216796875
1084,0.07080078125,-0.994384765625,0.15087890625
1085,0.072998046875,-0.98974609375,0.14990234375
1086,0.06884765625,-0.98974609375,0.155029296875
1087,0.070556640625,-0.99072265625,0.147216796875
1088,0.074462890625,-0.992431640625,0.13818359375
1089,0.072021484375,-0.995849609375,0.13916015625
1090,0.07568359375,-0.998046875,0.1396484375
1091,0.07275390625,-1.00439453125,0.146240234375
1092,0.069091796875,-1.005859375,0.141357421875
1093,0.076171875,-0.999755859375,0.143798828125
1094,0.07373046875,-0.9931640625,0.139404296875
1095,0.064453125,-0.992919921875,0.14111328125
1096,0.06640625,-0.993896484375,0.143310546875
1097,0.06396484375,-0.9990234375,0.13525390625
1098,0.062744140625,-1.00390625,0.13623046875
1099,0.0673828125,-1.004150390625,0.141845703125
1100,0.068115234375,-1.002197265625,0.13916015625
1101,0.071044921875,-1.0009765625,0.13525390625
1102,0.071044921875,-1.0009765625,0.13525390625
1103,0.07470703125,-0.999267578125,0.13623046875
1104,0.075439453125,-0.993896484375,0.131103515625
1105,0.073974609375,-0.9951171875,0.139892578125
1106,0.072998046875,-0.9951171875,0.15576171875
1107,0.06884765625,-0.990966796875,0.1513671875
1108,0.072509765625,-0.9873046875,0.145263671875
1109,0.075927734375,-0.990234375,0.151123046875
1110,0.070556640625,-0.996337890625,0.1455078125
1111,0.0712890625,-1.00048828125,0.141845703125
1112,0.07080078125,-1.00634765625,0.143798828125
1113,0.067138671875,-1.002197265625,0.13818359375
1114,0.06494140625,-0.999755859375,0.137451171875
1115,0.067626953125,-0.9951171875,0.13916015625
1116,0.065185546875,-0.989990234375,0.145263671875
1117,0.064453125,-0.9921875,0.151123046875
1118,0.066162109375,-0.998291015625,0.151123046875
1119,0.062255859375,-1.002197265625,0.137451171875
1120,0.064697265625,-1.00390625,0.13525390625
1121,0.069580078125,-1.005615234375,0.13916015625
1122,0.07080078125,-1.002197265625,0.132568359375
1123,0.068603515625,-1.001953125,0.13671875
1124,0.070068359375,-1.003173828125,0.14306640625
1125,0.07080078125,-1.0009765625,0.1484375
1126,0.071533203125,-0.9970703125,0.147705078125
1127,0.07080078125,-0.99609375,0.15087890625
1128,0.073486328125,-0.9931640625,0.13916015625
1129,0.073486328125,-0.9931640625,0.13916015625
1130,0.074951171875,-0.9921875,0.13232421875
1131,0.07421875,-0.994140625,0.144287109375
1132,0.07666015625,-0.99609375,0.139892578125
1133,0.07421875,-1.001708984375,0.146484375
1134,0.074462890625,-0.999755859375,0.148681640625
1135,0.075439453125,-0.99658203125,0.138427734375
1136,0.07373046875,-0.994873046875,0.13330078125
1137,0.071044921875,-0.9892578125,0.137451171875
1138,0.07080078125,-0.995361328125,0.144775390625
1139,0.06787109375,-1.00390625,0.1494140625
1140,0.064453125,-1.00244140625,0.14990234375
1141,0.068603515625,-1.002197265625,0.143310546875
1142,0.0712890625,-1.000244140625,0.14453125
1143,0.073974609375,-0.996826171875,0.142822265625
1144,0.073974609375,-1.000244140625,0.142333984375
1145,0.076904296875,-0.99951171875,0.140625
1146,0.079345703125,-0.995849609375,0.14404296875
1147,0.07470703125,-0.993408203125,0.145751953125
1148,0.076416015625,-0.988037109375,0.1416015625
1149,0.0791015625,-0.98388671875,0.1474609375
1150,0.07958984375,-0.984130859375,0.146484375
1151,0.07666015625,-0.986328125,0.146728515625
1152,0.069580078125,-0.991943359375,0.133056640625
1153,0.06201171875,-1.00341796875,0.1298828125
1154,0.0625,-0.99853515625,0.1357421875
1155,0.064697265625,-0.984619140625,0.131591796875
1156,0.06396484375,-0.9765625,0.131103515625
1157,0.06396484375,-0.9765625,0.131103515625
1158,0.064453125,-0.981689453125,0.1337890625
1159,0.062744140625,-0.996337890625,0.138916015625
1160,0.05712890625,-1.007080078125,0.134521484375
1161,0.05419921875,-1.019287109375,0.128173828125
1162,0.057373046875,-1.024658203125,0.12109375
1163,0.06005859375,-1.029052734375,0.1279296875
1164,0.066650390625,-1.02294921875,0.125
1165,0.071533203125,-1.004638671875,0.12646484375
1166,0.074951171875,-0.995849609375,0.158447265625
1167,0.072509765625,-0.992919921875,0.161865234375
1168,0.070556640625,-0.994384765625,0.165771484375
1169,0.072509765625,-0.996337890625,0.1728515625
1170,0.068603515625,-0.98681640625,0.146240234375
1171,0.076416015625,-0.9716796875,0.13330078125
1172,0.0869140625,-0.966796875,0.143798828125
1173,0.08251953125,-0.97314453125,0.15869140625
1174,0.07568359375,-0.98583984375,0.169921875
1175,0.074951171875,-0.990966796875,0.146240234375
1176,0.068115234375,-0.999267578125,0.126220703125
1177,0.0654296875,-1.0078125,0.115478515625
1178,0.064697265625,-1.0078125,0.1005859375
1179,0.0595703125,-1.016357421875,0.11865234375
1180,0.063232421875,-1.01904296875,0.133056640625
1181,0.0634765625,-1.011962890625,0.135009765625
1182,0.06640625,-1.000244140625,0.148193359375
1183,0.0712890625,-0.996826171875,0.1748046875
1184,0.0712890625,-0.996826171875,0.1748046875
1185,0.069091796875,-0.997802734375,0.167724609375
1186,0.064453125,-1.0048828125,0.155517578125
1187,0.068115234375,-1.003662109375,0.155517578125
1188,0.07421875,-0.994873046875,0.140380859375
1189,0.074951171875,-1.00341796875,0.14599609375
1190,0.07666015625,-0.994873046875,0.150634765625
1191,0.078369140625,-0.98291015625,0.134521484375
1192,0.082763671875,-0.97705078125,0.123779296875
1193,0.0810546875,-0.980224609375,0.13916015625
1194,0.073486328125,-0.989990234375,0.14208984375
1195,0.068115234375,-0.9990234375,0.142822265625
1196,0.068359375,-1.003173828125,0.13720703125
1197,0.067138671875,-1.00439453125,0.122802734375
1198,0.069091796875,-1.006103515625,0.131103515625
1199,0.0693359375,-0.99755859375,0.137939453125
1200,0.066650390625,-0.99658203125,0.13916015625
1201,0.06787109375,-0.994140625,0.135986328125
1202,0.067138671875,-0.99560546875,0.134521484375
1203,0.068359375,-1.0009765625,0.135986328125
1204,0.068359375,-1.008056640625,0.152587890625
1205,0.072265625,-1.00439453125,0.142578125
1206,0.067626953125,-1.00341796875,0.12841796875
1207,0.06396484375,-1.001953125,0.128173828125
1208,0.072021484375,-0.991943359375,0.130126953125
1209,0.0703125,-1.000732421875,0.162109375
1210,0.065185546875,-1.0009765625,0.177001953125
1211,0.065185546875,-1.0009765625,0.177001953125
1212,0.0703125,-0.99462890625,0.160400390625
1213,0.067626953125,-0.99609375,0.146728515625
1214,0.0634765625,-0.994873046875,0.138916015625
1215,0.0703125,-0.99267578125,0.129638671875
1216,0.068359375,-0.998046875,0.141845703125
1217,0.070068359375,-0.99951171875,0.14453125
1218,0.0712890625,-0.991943359375,0.13623046875
1219,0.070556640625,-0.996826171875,0.14892578125
1220,0.066162109375,-1.00048828125,0.141357421875
1221,0.065673828125,-0.996337890625,0.13134765625
1222,0.0693359375,-0.9931640625,0.130859375
1223,0.069580078125,-0.99609375,0.129150390625
1224,0.068603515625,-1.00830078125,0.14208984375
1225,0.064697265625,-1.010009765625,0.142822265625
1226,0.070556640625,-1.007080078125,0.137451171875
1227,0.067626953125,-1.005859375,0.14794921875
1228,0.067138671875,-1.001953125,0.1533203125
1229,0.06884765625,-1.001220703125,0.14599609375
1230,0.072021484375,-1.00390625,0.15869140625
1231,0.078369140625,-0.99365234375,0.15478515625
1232,0.077392578125,-0.987060546875,0.14111328125
1233,0.079345703125,-0.992919921875,0.141845703125
1234,0.075439453125,-0.992919921875,0.138427734375
1235,0.073486328125,-0.991943359375,0.135009765625
1236,0.0693359375,-0.995361328125,0.127685546875
1237,0.07568359375,-0.995361328125,0.132080078125
1238,0.07568359375,-0.995361328125,0.132080078125
1239,0.0771484375,-0.992919921875,0.1279296875
1240,0.069580078125,-0.993408203125,0.136962890625
1241,0.072021484375,-0.990966796875,0.151611328125
1242,0.067626953125,-0.998779296875,0.158935546875
1243,0.06494140625,-1.00244140625,0.152587890625
1244,0.064453125,-1.003662109375,0.13818359375
1245,0.066650390625,-1.01416015625,0.1484375
1246,0.061767578125,-1.01513671875,0.142822265625
1247,0.066650390625,-1.006103515625,0.132568359375
1248,0.068115234375,-1.005615234375,0.13623046875
1249,0.069091796875,-1.003173828125,0.139404296875
1250,0.071044921875,-0.993896484375,0.137939453125
1251,0.0703125,-0.994384765625,0.141357421875
1252,0.072998046875,-0.991455078125,0.144287109375
1253,0.07373046875,-0.987060546875,0.133544921875
1254,0.0732421875,-0.994140625,0.139892578125
1255,0.06787109375,-0.994384765625,0.143310546875
1256,0.07275390625,-0.989501953125,0.140625
1257,0.067138671875,-0.9951171875,0.1484375
1258,0.070556640625,-1.0,0.162109375
1259,0.066650390625,-0.998046875,0.150390625
1260,0.0634765625,-1.003173828125,0.13232421875
1261,0.0634765625,-1.001708984375,0.135986328125
1262,0.065185546875,-0.9921875,0.1259765625
1263,0.064453125,-1.0029296875,0.139892578125
1264,0.064453125,-1.0029296875,0.139892578125
1265,0.06396484375,-1.00341796875,0.1396484375
1266,0.071533203125,-1.001220703125,0.130615234375
1267,0.06689453125,-1.010986328125,0.144775390625
1268,0.0703125,-1.007568359375,0.154052734375
1269,0.072021484375,-0.990478515625,0.137939453125
1270,0.070068359375,-0.9912109375,0.13330078125
1271,0.064697265625,-0.99365234375,0.145751953125
1272,0.06982421875,-0.988525390625,0.14013671875
1273,0.068603515625,-0.993408203125,0.142333984375
1274,0.07373046875,-0.9951171875,0.151123046875
1275,0.07421875,-0.99365234375,0.153564453125
1276,0.068359375,-1.001708984375,0.15234375
1277,0.073974609375,-1.001708984375,0.146728515625
1278,0.07275390625,-0.99658203125,0.13330078125
1279,0.0693359375,-1.003173828125,0.130859375
1280,0.068359375,-0.998046875,0.12841796875
1281,0.07177734375,-0.9931640625,0.1259765625
1282,0.06494140625,-0.994384765625,0.122314453125
1283,0.06884765625,-0.995849609375,0.131103515625
1284,0.069580078125,-1.00048828125,0.144775390625
1285,0.0693359375,-1.006591796875,0.1474609375
1286,0.07177734375,-1.005615234375,0.1416015625
1287,0.07177734375,-1.00439453125,0.139892578125
1288,0.069580078125,-1.0078125,0.14599609375
1289,0.069091796875,-1.002197265625,0.138916015625
1290,0.07373046875,-0.995361328125,0.146484375
1291,0.07421875,-0.99609375,0.143310546875
1292,0.07421875,-0.99609375,0.143310546875
1293,0.076416015625,-0.9931640625,0.14404296875
1294,0.0751953125,-0.98779296875,0.142822265625
1295,0.07861328125,-0.988037109375,0.136962890625
1296,0.07763671875,-0.98681640625,0.136474609375
1297,0.072021484375,-0.98388671875,0.1328125
1298,0.070068359375,-1.000244140625,0.151123046875
1299,0.071533203125,-0.999755859375,0.140380859375
1300,0.0732421875,-0.99755859375,0.14453125
1301,0.072509765625,-1.00048828125,0.145263671875
1302,0.072509765625,-0.99658203125,0.144775390625
1303,0.071533203125,-0.991455078125,0.150634765625
1304,0.06640625,-0.99560546875,0.150634765625
1305,0.064453125,-0.99853515625,0.14208984375
1306,0.0615234375,-1.000244140625,0.139892578125
1307,0.062255859375,-1.009521484375,0.14501953125
1308,0.066162109375,-1.00927734375,0.1357421875
1309,0.066650390625,-1.003662109375,0.14208984375
1310,0.070068359375,-1.001220703125,0.138916015625
1311,0.07421875,-1.0029296875,0.1435546875
1312,0.071533203125,-0.995849609375,0.14013671875
1313,0.065673828125,-1.002685546875,0.14892578125
1314,0.06982421875,-0.998779296875,0.140869140625
1315,0.07080078125,-0.991943359375,0.143798828125
1316,0.071533203125,-0.987060546875,0.150390625
1317,0.072265625,-0.985107421875,0.143798828125
1318,0.068603515625,-0.991943359375,0.1484375
1319,0.068603515625,-0.991943359375,0.1484375
1320,0.0703125,-0.9970703125,0.142333984375
1321,0.072998046875,-0.998779296875,0.138427734375
1322,0.0673828125,-0.998779296875,0.142578125
1323,0.06591796875,-0.991943359375,0.131591796875
1324,0.0703125,-1.0009765625,0.1298828125
1325,0.071044921875,-1.00537109375,0.13720703125
1326,0.06640625,-1.009521484375,0.13818359375
1327,0.0595703125,-1.015380859375,0.150146484375
1328,0.06298828125,-1.0126953125,0.151611328125
1329,0.0634765625,-1.00927734375,0.152099609375
1330,0.067626953125,-0.999267578125,0.137939453125
1331,0.06884765625,-0.99853515625,0.1396484375
1332,0.07421875,-0.99658203125,0.144287109375
1333,0.0732421875,-0.992431640625,0.13525390625
1334,0.070068359375,-0.9951171875,0.140625
1335,0.072998046875,-0.9951171875,0.151611328125
1336,0.071533203125,-0.986572265625,0.14013671875
1337,0.06884765625,-0.991943359375,0.14697265625
1338,0.072265625,-0.990966796875,0.142822265625
1339,0.073974609375,-0.99072265625,0.1318359375
1340,0.06884765625,-1.0,0.147216796875
1341,0.070556640625,-1.001708984375,0.13916015625
1342,0.0712890625,-1.002685546875,0.13671875
1343,0.068359375,-0.99658203125,0.138671875
1344,0.067626953125,-0.99267578125,0.13330078125
1345,0.071044921875,-0.9921875,0.13623046875
1346,0.071044921875,-0.9921875,0.13623046875
1347,0.0703125,-0.9970703125,0.140380859375
1348,0.06982421875,-1.003662109375,0.140625
1349,0.07275390625,-1.004150390625,0.14794921875
1350,0.0712890625,-1.00439453125,0.144775390625
1351,0.0712890625,-1.003173828125,0.138427734375
1352,0.07275390625,-1.001220703125,0.14208984375
1353,0.07177734375,-0.99755859375,0.143310546875
1354,0.07421875,-0.994140625,0.141357421875
1355,0.0712890625,-0.994140625,0.148193359375
1356,0.068603515625,-0.99267578125,0.150146484375
1357,0.072509765625,-0.990966796875,0.145751953125
1358,0.075927734375,-0.99560546875,0.141845703125
1359,0.07177734375,-0.99609375,0.132568359375
1360,0.072509765625,-0.998046875,0.13623046875
1361,0.0712890625,-1.001953125,0.14208984375
1362,0.069091796875,-0.997802734375,0.13818359375
1363,0.06640625,-0.996337890625,0.13671875
1364,0.069091796875,-0.992919921875,0.13134765625
1365,0.07275390625,-0.994873046875,0.13720703125
1366,0.0693359375,-1.000244140625,0.15087890625
1367,0.06591796875,-0.997802734375,0.13623046875
1368,0.065673828125,-1.00146484375,0.134033203125
1369,0.07275390625,-1.007568359375,0.13818359375
1370,0.067626953125,-1.009521484375,0.140869140625
1371,0.06494140625,-1.00341796875,0.145263671875
1372,0.06787109375,-0.999267578125,0.14013671875
1373,0.06787109375,-0.999267578125,0.14013671875
1374,0.07373046875,-0.9990234375,0.1494140625
1375,0.072509765625,-1.001220703125,0.1455078125
1376,0.0712890625,-1.003662109375,0.146728515625
1377,0.072021484375,-1.00341796875,0.153564453125
1378,0.07177734375,-0.995361328125,0.140625
1379,0.07568359375,-0.98974609375,0.1328125
1380,0.07568359375,-0.994140625,0.140625
1381,0.07763671875,-0.9921875,0.14404296875
1382,0.073974609375,-0.9921875,0.1455078125
1383,0.06982421875,-0.9970703125,0.150390625
1384,0.067626953125,-0.99853515625,0.142822265625
1385,0.066650390625,-1.0,0.137451171875
1386,0.06494140625,-0.99267578125,0.1279296875
1387,0.0625,-0.996337890625,0.141357421875
1388,0.068603515625,-0.999755859375,0.1455078125
1389,0.06396484375,-1.0009765625,0.135986328125
1390,0.065673828125,-1.003662109375,0.1416015625
1391,0.06982421875,-1.009765625,0.15185546875
1392,0.06591796875,-1.003662109375,0.13916015625
1393,0.070068359375,-0.99267578125,0.127685546875
1394,0.07275390625,-0.998291015625,0.14306640625
1395,0.070068359375,-0.994873046875,0.13330078125
1396,0.067138671875,-0.99560546875,0.14013671875
1397,0.073486328125,-0.9931640625,0.155029296875
1398,0.07470703125,-0.9951171875,0.162353515625
1399,0.07421875,-0.992431640625,0.1455078125
1400,0.07421875,-0.992431640625,0.1455078125
1401,0.070556640625,-0.9921875,0.138916015625
1402,0.07373046875,-0.989501953125,0.13232421875
1403,0.072509765625,-0.99462890625,0.142822265625
1404,0.070556640625,-0.995361328125,0.14599609375
1405,0.073486328125,-0.998779296875,0.140625
1406,0.072265625,-1.003173828125,0.1435546875
1407,0.070556640625,-0.994384765625,0.12744140625
1408,0.067626953125,-0.99560546875,0.129638671875
1409,0.06884765625,-0.9970703125,0.13037109375
1410,0.0634765625,-1.00732421875,0.14013671875
1411,0.06494140625,-1.006591796875,0.132568359375
1412,0.068603515625,-1.00830078125,0.138427734375
1413,0.071044921875,-1.005615234375,0.150146484375
1414,0.068115234375,-1.002197265625,0.150634765625
1415,0.066650390625,-0.999267578125,0.147705078125
1416,0.071044921875,-0.994140625,0.14990234375
1417,0.069580078125,-0.994873046875,0.149658203125
1418,0.068603515625,-0.989501953125,0.135986328125
1419,0.074462890625,-0.992431640625,0.13818359375
1420,0.0732421875,-0.996337890625,0.137939453125
1421,0.06982421875,-0.99267578125,0.128173828125
1422,0.072998046875,-0.994873046875,0.1357421875
1423,0.068115234375,-1.00439453125,0.146240234375
1424,0.069580078125,-0.998291015625,0.13818359375
1425,0.0703125,-0.994384765625,0.138916015625
1426,0.067626953125,-0.997314453125,0.137451171875
1427,0.067626953125,-0.997314453125,0.137451171875
1428,0.0693359375,-0.995849609375,0.14111328125
1429,0.065673828125,-0.999755859375,0.152587890625
1430,0.0673828125,-1.000244140625,0.1416015625
1431,0.07373046875,-1.00390625,0.142333984375
1432,0.07373046875,-1.00244140625,0.1396484375
1433,0.07080078125,-1.001708984375,0.12744140625
1434,0.0703125,-0.999755859375,0.1357421875
1435,0.067626953125,-0.998779296875,0.14111328125
1436,0.069580078125,-1.001953125,0.149169921875
1437,0.07373046875,-0.995849609375,0.152587890625
1438,0.072998046875,-0.99365234375,0.146728515625
1439,0.07177734375,-0.9970703125,0.153564453125
1440,0.070068359375,-0.99462890625,0.1474609375
1441,0.075927734375,-0.9921875,0.138671875
1442,0.07470703125,-0.994873046875,0.14111328125
1443,0.07373046875,-0.990966796875,0.134765625
1444,0.07373046875,-0.994384765625,0.139892578125
1445,0.07373046875,-0.9990234375,0.15625
1446,0.074951171875,-0.9970703125,0.14794921875
1447,0.07373046875,-0.99267578125,0.134033203125
1448,0.07275390625,-0.993408203125,0.13525390625
1449,0.068359375,-0.998779296875,0.124755859375
1450,0.066650390625,-1.00244140625,0.141357421875
1451,0.06103515625,-1.00439453125,0.14697265625
1452,0.063232421875,-1.004150390625,0.1376953125
1453,0.070068359375,-1.009033203125,0.14794921875
1454,0.070068359375,-1.009033203125,0.14794921875
1455,0.072998046875,-0.999755859375,0.1318359375
1456,0.07861328125,-0.997802734375,0.13525390625
1457,0.075439453125,-1.003662109375,0.157470703125
1458,0.07080078125,-0.989013671875,0.14404296875
1459,0.07275390625,-0.991455078125,0.14306640625
1460,0.0732421875,-0.995849609375,0.153076171875
1461,0.072265625,-0.9892578125,0.14453125
1462,0.071044921875,-0.988525390625,0.13720703125
1463,0.06884765625,-0.989013671875,0.134765625
1464,0.0712890625,-0.99072265625,0.139404296875
1465,0.07470703125,-0.996826171875,0.139404296875
1466,0.070556640625,-1.00048828125,0.1396484375
1467,0.06689453125,-0.997802734375,0.14404296875
1468,0.06494140625,-0.99951171875,0.138671875
1469,0.066162109375,-0.9970703125,0.131103515625
1470,0.068359375,-0.998779296875,0.145263671875
1471,0.068359375,-0.996337890625,0.146484375
1472,0.068603515625,-1.003173828125,0.13623046875
1473,0.06884765625,-1.01123046875,0.140625
1474,0.067626953125,-1.005126953125,0.138916015625
1475,0.06787109375,-1.00439453125,0.140380859375
1476,0.068359375,-1.006103515625,0.146240234375
1477,0.068115234375,-0.99951171875,0.13623046875
1478,0.074462890625,-0.991455078125,0.132080078125
1479,0.071533203125,-0.99560546875,0.1416015625
1480,0.068359375,-0.99853515625,0.1494140625
1481,0.07275390625,-1.0,0.153076171875
1482,0.070556640625,-0.996826171875,0.146484375
1483,0.072998046875,-0.99365234375,0.1396484375
1484,0.079345703125,-0.997314453125,0.13623046875
1485,0.079345703125,-0.997314453125,0.13623046875
1486,0.07373046875,-0.998779296875,0.137939453125
1487,0.0712890625,-0.99658203125,0.138671875
1488,0.075927734375,-0.99462890625,0.145263671875
1489,0.0703125,-0.99755859375,0.146484375
1490,0.06787109375,-0.9951171875,0.1337890625
1491,0.068115234375,-0.99609375,0.14306640625
1492,0.064208984375,-0.997802734375,0.1416015625
1493,0.0634765625,-0.996826171875,0.123046875
1494,0.068603515625,-1.009033203125,0.13671875
1495,0.068359375,-1.00927734375,0.1435546875
1496,0.067626953125,-1.005126953125,0.140625
1497,0.072509765625,-1.005859375,0.1484375
1498,0.06787109375,-1.00244140625,0.155029296875
1499,0.0703125,-0.9931640625,0.149169921875
1500,0.07470703125,-0.997802734375,0.14599609375
1501,0.068359375,-1.001708984375,0.147216796875
1502,0.073486328125,-0.992431640625,0.136962890625
1503,0.0751953125,-0.994140625,0.136962890625
1504,0.068115234375,-0.991943359375,0.129638671875
1505,0.0712890625,-0.99853515625,0.13330078125
1506,0.076171875,-1.001953125,0.143310546875
1507,0.0703125,-0.99462890625,0.134521484375
1508,0.0693359375,-0.989990234375,0.126220703125
1509,0.07275390625,-0.996337890625,0.144287109375
1510,0.06494140625,-0.99169921875,0.136474609375
1511,0.06640625,-0.98828125,0.127685546875
1512,0.06640625,-0.98828125,0.127685546875
1513,0.064208984375,-1.0078125,0.14599609375
1514,0.052001953125,-1.01806640625,0.130615234375
1515,0.055908203125,-1.02294921875,0.130126953125
1516,0.06494140625,-1.02978515625,0.154541015625
1517,0.061279296875,-1.020751953125,0.14501953125
1518,0.0703125,-1.006103515625,0.138671875
1519,0.07958984375,-0.9990234375,0.155029296875
1520,0.075927734375,-0.983642578125,0.14697265625
1521,0.083984375,-0.9833984375,0.150634765625
1522,0.0830078125,-0.994873046875,0.159912109375
1523,0.07666015625,-0.989990234375,0.148193359375
1524,0.08740234375,-0.981689453125,0.1396484375
1525,0.086669921875,-0.98388671875,0.145751953125
1526,0.080810546875,-0.9775390625,0.144287109375
1527,0.08837890625,-0.97607421875,0.14892578125
1528,0.07861328125,-0.9912109375,0.15478515625
1529,0.0693359375,-0.987060546875,0.127197265625
1530,0.074951171875,-0.99609375,0.1337890625
1531,0.070068359375,-1.00341796875,0.140625
1532,0.061279296875,-0.99072265625,0.10986328125
1533,0.068359375,-1.005126953125,0.130615234375
1534,0.06005859375,-1.01904296875,0.150390625
1535,0.048095703125,-1.01513671875,0.124267578125
1536,0.0634765625,-1.01123046875,0.1298828125
1537,0.061767578125,-1.017333984375,0.1494140625
1538,0.061767578125,-1.017333984375,0.1494140625
1539,0.05517578125,-1.016845703125,0.12890625
1540,0.072265625,-1.01171875,0.124755859375
1541,0.070068359375,-1.009521484375,0.14599609375
1542,0.060546875,-0.99951171875,0.13818359375
1543,0.076416015625,-0.9951171875,0.146240234375
1544,0.078857421875,-0.988525390625,0.152587890625
1545,0.074951171875,-0.974609375,0.123046875
1546,0.080322265625,-0.982177734375,0.145263671875
1547,0.072998046875,-0.990966796875,0.164794921875
1548,0.071533203125,-0.984619140625,0.1416015625
1549,0.079833984375,-0.99169921875,0.1484375
1550,0.068359375,-0.993896484375,0.138671875
1551,0.064453125,-0.990234375,0.131591796875
1552,0.07373046875,-0.99658203125,0.149169921875
1553,0.067138671875,-0.989501953125,0.1455078125
1554,0.064453125,-0.992431640625,0.14111328125
1555,0.069091796875,-1.007080078125,0.135009765625
1556,0.062744140625,-1.0048828125,0.125732421875
1557,0.065673828125,-1.006103515625,0.1259765625
1558,0.06982421875,-1.014404296875,0.145263671875
1559,0.0634765625,-1.011962890625,0.14794921875
1560,0.06787109375,-1.00341796875,0.13671875
1561,0.071533203125,-1.001708984375,0.141845703125
1562,0.070068359375,-0.993408203125,0.13232421875
1563,0.072265625,-0.998291015625,0.142333984375
1564,0.0703125,-1.008544921875,0.162353515625
1565,0.0703125,-1.008544921875,0.162353515625
1566,0.070556640625,-0.99560546875,0.14453125
1567,0.07763671875,-0.987548828125,0.140380859375
1568,0.07275390625,-0.99609375,0.156982421875
1569,0.07373046875,-0.980712890625,0.144287109375
1570,0.080322265625,-0.975830078125,0.150634765625
1571,0.074462890625,-0.99365234375,0.158447265625
1572,0.072998046875,-0.985595703125,0.122314453125
1573,0.0751953125,-0.99169921875,0.137451171875
1574,0.068603515625,-1.006591796875,0.154541015625
1575,0.067138671875,-0.998046875,0.12158203125
1576,0.0732421875,-1.005126953125,0.136474609375
1577,0.070556640625,-1.019287109375,0.160888671875
1578,0.06982421875,-0.99755859375,0.122802734375
1579,0.072265625,-0.997314453125,0.122802734375
1580,0.069580078125,-1.010009765625,0.151123046875
1581,0.064453125,-1.010498046875,0.1416015625
1582,0.066162109375,-1.008544921875,0.145263671875
1583,0.067626953125,-1.005126953125,0.167236328125
1584,0.0654296875,-1.003173828125,0.15771484375
1585,0.06982421875,-0.995849609375,0.13671875
1586,0.076904296875,-0.99169921875,0.138916015625
1587,0.074951171875,-0.984375,0.12158203125
1588,0.071044921875,-0.9931640625,0.132080078125
1589,0.07080078125,-1.00390625,0.167724609375
1590,0.06884765625,-0.9970703125,0.155517578125
1591,0.071044921875,-0.98828125,0.124267578125
1592,0.071044921875,-0.98828125,0.124267578125
1593,0.072021484375,-0.989013671875,0.135986328125
1594,0.06689453125,-0.98974609375,0.13720703125
1595,0.063720703125,-0.997802734375,0.145263671875
1596,0.068603515625,-1.0,0.162109375
1597,0.07275390625,-0.995849609375,0.142578125
1598,0.0693359375,-1.00439453125,0.12548828125
1599,0.0673828125,-1.010498046875,0.145263671875
1600,0.065185546875,-1.006103515625,0.154296875
1601,0.062255859375,-1.00146484375,0.137451171875
1602,0.063232421875,-1.00830078125,0.152099609375
1603,0.065185546875,-1.00439453125,0.146240234375
1604,0.066162109375,-0.998291015625,0.142333984375
1605,0.07275390625,-0.99365234375,0.1416015625
1606,0.076904296875,-0.9921875,0.14453125
1607,0.072509765625,-0.999755859375,0.146484375
1608,0.074462890625,-0.99755859375,0.135986328125
1609,0.074462890625,-0.9921875,0.142822265625
1610,0.068359375,-0.99365234375,0.153076171875
1611,0.06640625,-0.99658203125,0.151611328125
1612,0.0703125,-0.999755859375,0.151611328125
1613,0.075927734375,-0.99609375,0.146728515625
1614,0.073486328125,-0.992431640625,0.126220703125
1615,0.065185546875,-0.996337890625,0.13330078125
1616,0.06396484375,-1.00048828125,0.143798828125
1617,0.067626953125,-0.99853515625,0.121826171875
1618,0.068359375,-0.999755859375,0.12451171875
1619,0.068359375,-0.999755859375,0.12451171875
1620,0.065673828125,-1.00341796875,0.1513671875
1621,0.070556640625,-0.9990234375,0.1484375
1622,0.076904296875,-0.997314453125,0.13916015625
1623,0.07373046875,-0.995361328125,0.140380859375
1624,0.07080078125,-0.99755859375,0.150146484375
1625,0.071044921875,-1.0009765625,0.152587890625
1626,0.0673828125,-1.00341796875,0.162353515625
1627,0.06884765625,-0.99267578125,0.1435546875
1628,0.076171875,-0.984375,0.129150390625
1629,0.07470703125,-0.982421875,0.14013671875
1630,0.06396484375,-0.98388671875,0.1376953125
1631,0.053955078125,-0.991455078125,0.138671875
1632,0.055419921875,-1.008056640625,0.148193359375
1633,0.054443359375,-1.030517578125,0.155517578125
1634,0.063232421875,-1.022705078125,0.129638671875
1635,0.073974609375,-1.00439453125,0.1259765625
1636,0.072509765625,-0.9921875,0.126953125
1637,0.078857421875,-0.992919921875,0.137939453125
1638,0.070556640625,-1.009521484375,0.150634765625
1639,0.05615234375,-1.023681640625,0.144775390625
1640,0.070068359375,-1.0029296875,0.1298828125
1641,0.089599609375,-0.9833984375,0.14794921875
1642,0.088623046875,-0.987548828125,0.19189453125
1643,0.08984375,-0.9716796875,0.158935546875
1644,0.090576171875,-0.9677734375,0.145751953125
1645,0.090576171875,-0.9677734375,0.145751953125
1646,0.08056640625,-0.972900390625,0.1640625
1647,0.08154296875,-0.974365234375,0.150634765625
1648,0.083251953125,-0.99658203125,0.14501953125
1649,0.0693359375,-1.02001953125,0.133056640625
1650,0.06787109375,-1.016845703125,0.0927734375
1651,0.076904296875,-0.9990234375,0.097412109375
1652,0.072021484375,-0.981689453125,0.12939453125
1653,0.061767578125,-0.98583984375,0.150390625
1654,0.06103515625,-1.002197265625,0.173095703125
1655,0.057861328125,-1.015869140625,0.174560546875
1656,0.05126953125,-1.0263671875,0.151611328125
1657,0.0537109375,-1.024658203125,0.12939453125
1658,0.0546875,-1.027587890625,0.128662109375
1659,0.064697265625,-1.017822265625,0.1259765625
1660,0.0751953125,-0.993896484375,0.1279296875
1661,0.074951171875,-0.9892578125,0.14306640625
1662,0.069580078125,-1.005615234375,0.163330078125
1663,0.064697265625,-1.01513671875,0.178466796875
1664,0.072998046875,-1.0009765625,0.142333984375
1665,0.076171875,-0.98876953125,0.106201171875
1666,0.077392578125,-0.973388671875,0.102783203125
1667,0.084716796875,-0.956298828125,0.1025390625
1668,0.073974609375,-0.97509765625,0.15087890625
1669,0.06982421875,-0.989501953125,0.171142578125
1670,0.076904296875,-0.993896484375,0.165771484375
1671,0.072265625,-1.003662109375,0.165771484375
1672,0.072265625,-1.003662109375,0.165771484375
1673,0.072998046875,-1.005615234375,0.140380859375
1674,0.07763671875,-0.99951171875,0.113525390625
1675,0.076904296875,-0.98583984375,0.103515625
1676,0.07666015625,-0.982421875,0.12451171875
1677,0.07763671875,-0.98828125,0.15576171875
1678,0.06640625,-0.999755859375,0.188232421875
1679,0.06787109375,-1.007568359375,0.184326171875
1680,0.06982421875,-1.021484375,0.1689453125
1681,0.06201171875,-1.023681640625,0.133056640625
1682,0.064697265625,-1.011962890625,0.103271484375
1683,0.0576171875,-1.01416015625,0.126953125
1684,0.064208984375,-1.00732421875,0.137451171875
1685,0.0712890625,-0.997314453125,0.14697265625
1686,0.0634765625,-0.994384765625,0.14453125
1687,0.067138671875,-0.980224609375,0.12744140625
1688,0.073486328125,-0.9716796875,0.132080078125
1689,0.076416015625,-0.988525390625,0.134033203125
1690,0.0654296875,-0.99951171875,0.117919921875
1691,0.057861328125,-0.9990234375,0.114501953125
1692,0.064208984375,-1.0029296875,0.14208984375
1693,0.067626953125,-1.005126953125,0.170166015625
1694,0.07421875,-0.99072265625,0.17578125
1695,0.072509765625,-0.99755859375,0.184326171875
1696,0.073974609375,-1.00146484375,0.130615234375
1697,0.0791015625,-0.990966796875,0.088623046875
1698,0.072998046875,-1.004638671875,0.135986328125
1699,0.071044921875,-1.005126953125,0.162109375
1700,0.071044921875,-1.005126953125,0.162109375
1701,0.069091796875,-1.0,0.164306640625
1702,0.07177734375,-1.004150390625,0.172607421875
1703,0.07373046875,-1.00146484375,0.154296875
1704,0.06884765625,-0.985595703125,0.120361328125
1705,0.068359375,-0.9970703125,0.14111328125
1706,0.0712890625,-1.00048828125,0.141845703125
1707,0.07177734375,-0.988525390625,0.112548828125
1708,0.070556640625,-0.99169921875,0.118408203125
1709,0.07177734375,-0.99951171875,0.147216796875
1710,0.067626953125,-0.9951171875,0.136962890625
1711,0.066650390625,-0.9931640625,0.148193359375
1712,0.06591796875,-0.991455078125,0.1435546875
1713,0.0634765625,-0.980712890625,0.10546875
1714,0.06591796875,-0.998291015625,0.139404296875
1715,0.060546875,-1.015380859375,0.16796875
1716,0.058349609375,-1.012939453125,0.153076171875
1717,0.06787109375,-1.0068359375,0.141357421875
1718,0.075439453125,-0.999755859375,0.145263671875
1719,0.077880859375,-0.99609375,0.14208984375
1720,0.076171875,-1.00537109375,0.165771484375
1721,0.075439453125,-0.999755859375,0.14306640625
1722,0.072998046875,-1.0,0.116943359375
1723,0.067626953125,-1.008056640625,0.1376953125
1724,0.06884765625,-0.9990234375,0.14404296875
1725,0.072021484375,-0.9833984375,0.148193359375
1726,0.074462890625,-0.9765625,0.138427734375
1727,0.074462890625,-0.9765625,0.138427734375
1728,0.0732421875,-0.988037109375,0.14111328125
1729,0.065185546875,-0.994873046875,0.1435546875
1730,0.057861328125,-0.998779296875,0.146728515625
1731,0.06494140625,-1.00634765625,0.171875
1732,0.07861328125,-0.991455078125,0.1376953125
1733,0.07080078125,-0.987060546875,0.101318359375
1734,0.06494140625,-0.99755859375,0.118408203125
1735,0.066650390625,-0.99951171875,0.135986328125
1736,0.059814453125,-1.009521484375,0.17041015625
1737,0.06591796875,-1.00439453125,0.167724609375
1738,0.07568359375,-0.994384765625,0.1396484375
1739,0.07470703125,-0.999267578125,0.13232421875
1740,0.0693359375,-1.00341796875,0.14111328125
1741,0.072265625,-0.99462890625,0.136962890625
1742,0.0703125,-0.9990234375,0.131591796875
1743,0.06787109375,-1.0048828125,0.14697265625
1744,0.07421875,-0.99951171875,0.14794921875
1745,0.0732421875,-0.996826171875,0.14990234375
1746,0.072998046875,-0.994140625,0.14697265625
1747,0.07373046875,-0.983642578125,0.1171875
1748,0.0703125,-0.982177734375,0.119140625
1749,0.066650390625,-0.99267578125,0.134765625
1750,0.062744140625,-0.9951171875,0.13427734375
1751,0.061279296875,-1.008056640625,0.162353515625
1752,0.068603515625,-1.00537109375,0.154052734375
1753,0.070556640625,-0.993896484375,0.136962890625
1754,0.070556640625,-0.993896484375,0.136962890625
1755,0.070556640625,-0.99072265625,0.1376953125
1756,0.073486328125,-0.989013671875,0.1396484375
1757,0.064697265625,-1.00390625,0.14599609375
1758,0.0595703125,-1.0166015625,0.149658203125
1759,0.060546875,-1.01513671875,0.15966796875
1760,0.062255859375,-1.010986328125,0.16845703125
1761,0.068359375,-0.99853515625,0.16064453125
1762,0.0751953125,-0.989013671875,0.141357421875
1763,0.07421875,-0.986328125,0.121337890625
1764,0.0673828125,-0.99365234375,0.11376953125
1765,0.06494140625,-1.006591796875,0.127685546875
1766,0.06591796875,-1.0087890625,0.134033203125
1767,0.067138671875,-1.010986328125,0.162841796875
1768,0.07421875,-0.991455078125,0.142822265625
1769,0.078857421875,-0.96923828125,0.109375
1770,0.076416015625,-0.9814453125,0.135986328125
1771,0.072998046875,-0.99365234375,0.1552734375
1772,0.067626953125,-0.995361328125,0.1591796875
1773,0.066650390625,-1.000244140625,0.158203125
1774,0.06982421875,-0.99951171875,0.138671875
1775,0.06982421875,-0.994384765625,0.119384765625
1776,0.07177734375,-0.99462890625,0.131103515625
1777,0.073486328125,-1.000244140625,0.149658203125
1778,0.07177734375,-1.0048828125,0.15869140625
1779,0.0703125,-1.002685546875,0.160400390625
1780,0.0703125,-1.002685546875,0.160400390625
1781,0.06982421875,-0.9990234375,0.157470703125
1782,0.072265625,-0.99755859375,0.142578125
1783,0.06884765625,-1.0,0.133056640625
1784,0.065185546875,-0.99462890625,0.115966796875
1785,0.063232421875,-0.994384765625,0.101318359375
1786,0.06494140625,-1.00244140625,0.1171875
1787,0.069091796875,-1.00341796875,0.15234375
1788,0.068603515625,-1.00244140625,0.169189453125
1789,0.068359375,-0.994873046875,0.152587890625
1790,0.069580078125,-0.990234375,0.1435546875
1791,0.071533203125,-0.99169921875,0.14990234375
1792,0.0693359375,-0.995849609375,0.146240234375
1793,0.0654296875,-1.00048828125,0.150634765625
1794,0.068359375,-0.992919921875,0.1416015625
1795,0.072509765625,-0.984619140625,0.121337890625
1796,0.0712890625,-0.997802734375,0.156982421875
1797,0.071044921875,-1.004638671875,0.172119140625
1798,0.072265625,-0.99560546875,0.149169921875
1799,0.0712890625,-0.993896484375,0.125244140625
1800,0.0703125,-0.997802734375,0.11328125
1801,0.06982421875,-1.003173828125,0.131103515625
1802,0.06494140625,-1.00439453125,0.14990234375
1803,0.066650390625,-1.002197265625,0.16162109375
1804,0.0693359375,-0.995849609375,0.145263671875
1805,0.068359375,-0.993896484375,0.125
1806,0.0712890625,-0.99462890625,0.11376953125
1807,0.0712890625,-0.99462890625,0.11376953125
1808,0.0654296875,-1.00537109375,0.125732421875
1809,0.062744140625,-1.012451171875,0.143798828125
1810,0.067626953125,-1.0009765625,0.146240234375
1811,0.067626953125,-0.997314453125,0.158447265625
1812,0.07177734375,-0.98779296875,0.154296875
1813,0.07177734375,-0.986083984375,0.14697265625
1814,0.072265625,-1.001708984375,0.157958984375
1815,0.0732421875,-1.00634765625,0.16455078125
1816,0.0732421875,-0.993408203125,0.1396484375
1817,0.074951171875,-0.991943359375,0.130615234375
1818,0.068359375,-1.00146484375,0.142822265625
1819,0.065673828125,-0.996826171875,0.136474609375
1820,0.070556640625,-0.99755859375,0.13916015625
1821,0.07421875,-1.002685546875,0.1474609375
1822,0.06689453125,-0.99755859375,0.14013671875
1823,0.06689453125,-0.991943359375,0.13330078125
1824,0.074951171875,-0.996826171875,0.138671875
1825,0.07275390625,-0.9990234375,0.126953125
1826,0.068603515625,-0.99609375,0.125244140625
1827,0.06591796875,-1.008056640625,0.14892578125
1828,0.064208984375,-1.012451171875,0.1494140625
1829,0.068359375,-1.006591796875,0.14453125
1830,0.06640625,-1.004150390625,0.14111328125
1831,0.068603515625,-0.994384765625,0.13525390625
1832,0.076171875,-0.98779296875,0.137939453125
1833,0.070556640625,-0.998291015625,0.15771484375
1834,0.070556640625,-0.998291015625,0.15771484375
1835,0.068115234375,-1.001220703125,0.161376953125
1836,0.067626953125,-0.9970703125,0.143310546875
1837,0.06689453125,-0.99853515625,0.137939453125
1838,0.06884765625,-0.996826171875,0.144287109375
1839,0.06787109375,-0.994140625,0.15087890625
1840,0.070068359375,-0.995849609375,0.150146484375
1841,0.068603515625,-1.001708984375,0.144775390625
1842,0.07080078125,-0.994873046875,0.11865234375
1843,0.071533203125,-0.9921875,0.115234375
1844,0.069580078125,-1.000732421875,0.14111328125
1845,0.07080078125,-1.001708984375,0.1416015625
1846,0.0693359375,-1.00146484375,0.134033203125
1847,0.066650390625,-1.00244140625,0.137939453125
1848,0.06298828125,-0.99853515625,0.133544921875
1849,0.067138671875,-1.002197265625,0.1435546875
1850,0.068603515625,-1.005615234375,0.153076171875
1851,0.068115234375,-1.003662109375,0.15185546875
1852,0.069580078125,-1.0029296875,0.156494140625
1853,0.068359375,-0.99658203125,0.14892578125
1854,0.069580078125,-0.99169921875,0.140625
1855,0.0712890625,-0.991455078125,0.13623046875
1856,0.068359375,-0.994873046875,0.13720703125
1857,0.065185546875,-0.99951171875,0.14599609375
1858,0.067626953125,-1.001220703125,0.16064453125
1859,0.069580078125,-1.0009765625,0.153076171875
1860,0.0751953125,-0.99853515625,0.146240234375
1861,0.0751953125,-0.99853515625,0.146240234375
1862,0.07861328125,-0.99560546875,0.134033203125
1863,0.07421875,-0.991943359375,0.117431640625
1864,0.06982421875,-0.992431640625,0.138916015625
1865,0.06787109375,-0.997802734375,0.151123046875
1866,0.06591796875,-0.998046875,0.140625
1867,0.064453125,-1.00048828125,0.1416015625
1868,0.06591796875,-1.005859375,0.13720703125
1869,0.070068359375,-1.005615234375,0.127685546875
1870,0.070556640625,-1.0068359375,0.13330078125
1871,0.064697265625,-1.002685546875,0.132080078125
1872,0.068603515625,-0.99462890625,0.1298828125
1873,0.07080078125,-0.995849609375,0.149169921875
1874,0.0693359375,-0.995361328125,0.16455078125
1875,0.068603515625,-0.997802734375,0.163330078125
1876,0.06640625,-0.9990234375,0.1494140625
1877,0.071044921875,-0.994384765625,0.13525390625
1878,0.0732421875,-0.994384765625,0.12890625
1879,0.069580078125,-0.993408203125,0.130615234375
1880,0.071044921875,-0.9912109375,0.138916015625
1881,0.074462890625,-0.99658203125,0.150390625
1882,0.072998046875,-0.998046875,0.1484375
1883,0.072265625,-0.99609375,0.14501953125
1884,0.068603515625,-1.000244140625,0.1455078125
1885,0.06494140625,-1.002197265625,0.1396484375
1886,0.066650390625,-1.0,0.139404296875
1887,0.066650390625,-1.0,0.139404296875
1888,0.064208984375,-1.002197265625,0.134521484375
1889,0.062744140625,-1.001220703125,0.1376953125
1890,0.070556640625,-0.998046875,0.144775390625
1891,0.072265625,-1.004638671875,0.1513671875
1892,0.06787109375,-1.00146484375,0.145263671875
1893,0.06591796875,-0.99365234375,0.12451171875
1894,0.0712890625,-0.9931640625,0.126953125
1895,0.072021484375,-0.99365234375,0.138916015625
1896,0.073486328125,-0.995849609375,0.147705078125
1897,0.07080078125,-1.0,0.158935546875
1898,0.0673828125,-0.999267578125,0.1484375
1899,0.070556640625,-0.994873046875,0.142333984375
1900,0.072021484375,-0.9921875,0.139404296875
1901,0.070068359375,-0.9912109375,0.130126953125
1902,0.06689453125,-0.992919921875,0.132080078125
1903,0.0712890625,-0.996826171875,0.147216796875
1904,0.067626953125,-1.0009765625,0.152099609375
1905,0.0654296875,-0.998779296875,0.14501953125
1906,0.069091796875,-0.99755859375,0.14453125
1907,0.067626953125,-0.995849609375,0.146240234375
1908,0.0654296875,-0.9931640625,0.139404296875
1909,0.067626953125,-0.998779296875,0.130859375
1910,0.06689453125,-1.00732421875,0.13916015625
1911,0.06689453125,-1.0078125,0.14208984375
1912,0.06689453125,-1.007080078125,0.149658203125
1913,0.062255859375,-1.0029296875,0.143798828125
1914,0.062255859375,-1.0029296875,0.143798828125
1915,0.0654296875,-0.997314453125,0.13134765625
1916,0.074462890625,-0.991455078125,0.135986328125
1917,0.070068359375,-0.98681640625,0.142822265625
1918,0.068603515625,-0.9921875,0.14599609375
1919,0.074951171875,-0.995361328125,0.142822265625
1920,0.074462890625,-0.998046875,0.151123046875
1921,0.072998046875,-0.999755859375,0.150634765625
1922,0.072998046875,-0.996826171875,0.142578125
1923,0.076904296875,-0.988037109375,0.1298828125
1924,0.078125,-0.990478515625,0.12744140625
1925,0.075927734375,-0.99609375,0.133056640625
1926,0.071044921875,-0.991455078125,0.138427734375
1927,0.068603515625,-0.990234375,0.138427734375
1928,0.067626953125,-0.99951171875,0.1435546875
1929,0.07080078125,-0.9990234375,0.130126953125
1930,0.068603515625,-0.998779296875,0.12451171875
1931,0.06494140625,-1.008544921875,0.14013671875
1932,0.065673828125,-1.011474609375,0.14697265625
1933,0.06787109375,-1.006591796875,0.158203125
1934,0.069091796875,-0.9970703125,0.143310546875
1935,0.07275390625,-0.992431640625,0.137939453125
1936,0.072265625,-0.996826171875,0.152099609375
1937,0.0654296875,-0.996826171875,0.150146484375
1938,0.0693359375,-0.993408203125,0.1474609375
1939,0.07177734375,-0.992431640625,0.15234375
1940,0.07177734375,-0.9931640625,0.1513671875
1941,0.07177734375,-0.9931640625,0.1513671875
1942,0.07177734375,-0.990966796875,0.14794921875
1943,0.074951171875,-0.989990234375,0.15673828125
1944,0.06884765625,-1.0,0.166015625
1945,0.070068359375,-0.9931640625,0.1396484375
1946,0.076416015625,-0.996337890625,0.1357421875
1947,0.07373046875,-0.999267578125,0.1376953125
1948,0.071044921875,-0.99072265625,0.13427734375
1949,0.072265625,-0.99169921875,0.126953125
1950,0.06787109375,-1.004150390625,0.13818359375
1951,0.067626953125,-1.005126953125,0.135986328125
1952,0.070068359375,-1.00244140625,0.132568359375
1953,0.0712890625,-1.008544921875,0.1494140625
1954,0.073486328125,-0.998291015625,0.1416015625
1955,0.066162109375,-0.996337890625,0.14306640625
1956,0.0673828125,-0.997314453125,0.14404296875
1957,0.06884765625,-0.996826171875,0.156005859375
1958,0.07080078125,-0.98974609375,0.149658203125
1959,0.06787109375,-0.993408203125,0.15380859375
1960,0.071044921875,-0.998291015625,0.15087890625
1961,0.070556640625,-0.9931640625,0.14453125
1962,0.071044921875,-0.990234375,0.134521484375
1963,0.072021484375,-0.996826171875,0.134765625
1964,0.0732421875,-1.003662109375,0.13818359375
1965,0.072509765625,-0.999755859375,0.132080078125
1966,0.0654296875,-0.9970703125,0.1318359375
1967,0.067626953125,-0.994873046875,0.141357421875
1968,0.067626953125,-0.994873046875,0.141357421875
1969,0.065673828125,-0.99658203125,0.147216796875
1970,0.068115234375,-1.000244140625,0.1396484375
1971,0.068115234375,-1.001708984375,0.1318359375
1972,0.068359375,-1.001953125,0.122802734375
1973,0.066650390625,-1.005126953125,0.135986328125
1974,0.07080078125,-1.003662109375,0.135986328125
1975,0.071533203125,-1.000732421875,0.14208984375
1976,0.072021484375,-0.99462890625,0.137939453125
1977,0.06982421875,-0.994140625,0.1455078125
1978,0.069091796875,-0.998046875,0.151123046875
1979,0.073486328125,-0.997802734375,0.14306640625
1980,0.0693359375,-0.995849609375,0.13916015625
1981,0.070068359375,-0.998291015625,0.14013671875
1982,0.067626953125,-0.995849609375,0.13427734375
1983,0.06982421875,-1.0,0.142333984375
1984,0.071044921875,-1.001953125,0.152099609375
1985,0.073974609375,-0.99560546875,0.140625
1986,0.074462890625,-0.993896484375,0.150634765625
1987,0.070556640625,-0.9921875,0.146728515625
1988,0.071044921875,-0.990234375,0.135498046875
1989,0.07080078125,-0.995361328125,0.143798828125
1990,0.065673828125,-1.003173828125,0.149169921875
1991,0.06103515625,-1.001220703125,0.132568359375
1992,0.064697265625,-1.005859375,0.14794921875
1993,0.06396484375,-1.003662109375,0.144775390625
1994,0.06396484375,-1.003662109375,0.144775390625
1995,0.0673828125,-1.002685546875,0.1396484375
1996,0.07080078125,-1.00390625,0.143310546875
1997,0.067138671875,-1.001953125,0.134765625
1998,0.06884765625,-0.996337890625,0.133056640625
1999,0.0703125,-0.994384765625,0.140625
2000,0.069091796875,-0.992431640625,0.146484375
2001,0.07470703125,-0.991455078125,0.14892578125
2002,0.074951171875,-0.994873046875,0.14208984375
2003,0.072265625,-0.9921875,0.130859375
2004,0.072998046875,-0.99755859375,0.14794921875
2005,0.069580078125,-0.996337890625,0.13671875
2006,0.0693359375,-1.0,0.132568359375
2007,0.07080078125,-1.0,0.13525390625
2008,0.07275390625,-0.99658203125,0.135498046875
2009,0.073486328125,-0.994873046875,0.135498046875
2010,0.070068359375,-0.993896484375,0.1396484375
2011,0.07080078125,-0.9970703125,0.137451171875
2012,0.072265625,-0.9990234375,0.135986328125
2013,0.06884765625,-1.00537109375,0.137939453125
2014,0.070068359375,-1.008056640625,0.133056640625
2015,0.06640625,-1.017822265625,0.14892578125
2016,0.068115234375,-1.013671875,0.141357421875
2017,0.075927734375,-1.009521484375,0.146484375
2018,0.077392578125,-1.007080078125,0.148193359375
2019,0.07373046875,-0.997802734375,0.150634765625
2020,0.07861328125,-0.9873046875,0.16162109375
2021,0.07861328125,-0.9873046875,0.16162109375
2022,0.085693359375,-0.977783203125,0.15625
2023,0.0869140625,-0.977294921875,0.1572265625
2024,0.083740234375,-0.9765625,0.153564453125
2025,0.08203125,-0.982177734375,0.150146484375
2026,0.08447265625,-0.985107421875,0.150390625
2027,0.078369140625,-0.98876953125,0.153076171875
2028,0.079345703125,-0.986083984375,0.13720703125
2029,0.078369140625,-0.987060546875,0.13671875
2030,0.072021484375,-0.991943359375,0.140380859375
2031,0.06982421875,-0.987060546875,0.136962890625
2032,0.068115234375,-0.990478515625,0.140380859375
2033,0.06298828125,-0.994384765625,0.122802734375
2034,0.0615234375,-0.998046875,0.1142578125
2035,0.059814453125,-1.010009765625,0.125732421875
2036,0.055419921875,-1.015625,0.131103515625
2037,0.05322265625,-1.02099609375,0.13623046875
2038,0.05078125,-1.020751953125,0.13671875
2039,0.057861328125,-1.011962890625,0.127685546875
2040,0.0595703125,-1.01318359375,0.1328125
2041,0.0595703125,-1.00830078125,0.13427734375
2042,0.064697265625,-1.0068359375,0.140380859375
2043,0.061279296875,-1.0107421875,0.14892578125
2044,0.058349609375,-1.00439453125,0.14599609375
2045,0.06640625,-0.999267578125,0.149658203125
2046,0.068603515625,-0.990478515625,0.140625
2047,0.068603515625,-0.990478515625,0.140625
2048,0.0615234375,-0.98388671875,0.143798828125
2049,0.0693359375,-0.986083984375,0.15087890625
2050,0.07177734375,-0.988525390625,0.14697265625
2051,0.066650390625,-0.992431640625,0.1484375
2052,0.072265625,-0.987060546875,0.144775390625
2053,0.067138671875,-0.986328125,0.140380859375
2054,0.064697265625,-0.994140625,0.127685546875
2055,0.069091796875,-1.00244140625,0.134765625
2056,0.067138671875,-1.01220703125,0.13525390625
2057,0.06396484375,-1.01171875,0.1328125
2058,0.06298828125,-1.01171875,0.147216796875
2059,0.068603515625,-1.011474609375,0.14111328125
2060,0.072265625,-1.0107421875,0.140869140625
2061,0.071044921875,-1.006591796875,0.14111328125
2062,0.072998046875,-1.002197265625,0.149169921875
2063,0.075439453125,-0.994140625,0.149658203125
2064,0.076416015625,-0.983154296875,0.137451171875
2065,0.078857421875,-0.985595703125,0.1435546875
2066,0.0791015625,-0.99072265625,0.154296875
2067,0.079833984375,-0.994140625,0.15234375
2068,0.08203125,-0.992431640625,0.148681640625
2069,0.08349609375,-0.986083984375,0.142578125
2070,0.081298828125,-0.985107421875,0.142578125
2071,0.07763671875,-0.983642578125,0.148193359375
2072,0.075439453125,-0.986572265625,0.1455078125
2073,0.076904296875,-0.988037109375,0.14306640625
2074,0.076904296875,-0.988037109375,0.14306640625
2075,0.076171875,-0.99365234375,0.1337890625
2076,0.07080078125,-1.009521484375,0.14013671875
2077,0.069580078125,-1.007568359375,0.138427734375
2078,0.07080078125,-1.003173828125,0.12939453125
2079,0.073974609375,-1.0,0.139404296875
2080,0.071533203125,-0.996337890625,0.140869140625
2081,0.066650390625,-0.99658203125,0.13916015625
2082,0.068603515625,-0.994140625,0.14599609375
2083,0.069580078125,-0.997802734375,0.150634765625
2084,0.0703125,-0.9990234375,0.140625
2085,0.063720703125,-0.999755859375,0.13330078125
2086,0.062744140625,-0.999267578125,0.14111328125
2087,0.06689453125,-1.002197265625,0.14453125
2088,0.066650390625,-1.00341796875,0.142578125
2089,0.066162109375,-0.99951171875,0.1357421875
2090,0.06591796875,-0.998046875,0.1357421875
2091,0.068603515625,-0.9951171875,0.140380859375
2092,0.066650390625,-0.996826171875,0.138916015625
2093,0.06640625,-1.000732421875,0.14013671875
2094,0.068603515625,-1.003173828125,0.140380859375
2095,0.068115234375,-1.004150390625,0.137451171875
2096,0.06787109375,-1.00048828125,0.135009765625
2097,0.068359375,-0.996337890625,0.138671875
2098,0.068115234375,-0.99267578125,0.140869140625
2099,0.064697265625,-0.98828125,0.137939453125
2100,0.06396484375,-0.995849609375,0.14111328125
2101,0.06396484375,-0.995849609375,0.14111328125
2102,0.06884765625,-1.002197265625,0.1416015625
2103,0.07080078125,-1.002685546875,0.14453125
2104,0.06884765625,-1.0068359375,0.1513671875
2105,0.06591796875,-1.00146484375,0.13671875
2106,0.070068359375,-0.998291015625,0.140380859375
2107,0.07470703125,-0.999267578125,0.142822265625
2108,0.07177734375,-0.99951171875,0.143310546875
2109,0.0693359375,-1.002197265625,0.146728515625
2110,0.06982421875,-1.0,0.135009765625
2111,0.06982421875,-0.997314453125,0.133056640625
2112,0.070556640625,-0.99658203125,0.133056640625
2113,0.07470703125,-0.99755859375,0.13525390625
2114,0.07568359375,-0.996337890625,0.133056640625
2115,0.075927734375,-0.992431640625,0.133544921875
2116,0.078125,-0.9921875,0.140380859375
2117,0.076171875,-0.99560546875,0.142578125
2118,0.072998046875,-0.998291015625,0.142333984375
2119,0.073486328125,-1.0048828125,0.148193359375
2120,0.0751953125,-1.007568359375,0.149658203125
2121,0.07373046875,-0.998046875,0.139892578125
2122,0.074951171875,-0.992431640625,0.14111328125
2123,0.07861328125,-0.98828125,0.147216796875
2124,0.07470703125,-0.98779296875,0.14794921875
2125,0.071044921875,-0.995361328125,0.1474609375
2126,0.0703125,-0.9970703125,0.137939453125
2127,0.07177734375,-0.99853515625,0.13134765625
2128,0.07177734375,-0.99853515625,0.13134765625
2129,0.07275390625,-1.003662109375,0.135009765625
2130,0.068115234375,-0.998779296875,0.135009765625
2131,0.06884765625,-0.9921875,0.13720703125
2132,0.071533203125,-0.987548828125,0.146728515625
2133,0.07080078125,-0.98779296875,0.147216796875
2134,0.068603515625,-0.9951171875,0.140380859375
2135,0.070068359375,-0.999755859375,0.138671875
2136,0.07373046875,-1.00732421875,0.14013671875
2137,0.070068359375,-1.009765625,0.135498046875
2138,0.066650390625,-1.01318359375,0.143310546875
2139,0.070068359375,-1.0126953125,0.144775390625
2140,0.071533203125,-1.002197265625,0.1328125
2141,0.070556640625,-0.995361328125,0.131103515625
2142,0.071533203125,-0.990478515625,0.126220703125
2143,0.071533203125,-0.991455078125,0.1220703125
2144,0.070068359375,-0.99609375,0.1123046875
2145,0.070068359375,-0.996826171875,0.1015625
2146,0.07177734375,-0.996826171875,0.098876953125
2147,0.072509765625,-0.99755859375,0.099365234375
2148,0.070068359375,-0.997802734375,0.117431640625
2149,0.062255859375,-0.998291015625,0.130859375
2150,0.0576171875,-1.00244140625,0.13427734375
2151,0.057861328125,-1.00244140625,0.130615234375
2152,0.058349609375,-1.00341796875,0.134521484375
2153,0.0576171875,-1.006591796875,0.147216796875
2154,0.0576171875,-1.006591796875,0.147216796875
2155,0.055419921875,-1.005126953125,0.14990234375
2156,0.056396484375,-1.003662109375,0.158203125
2157,0.06201171875,-1.004638671875,0.1630859375
2158,0.07275390625,-1.0009765625,0.16552734375
2159,0.064208984375,-0.99560546875,0.168701171875
2160,0.0537109375,-0.99365234375,0.15478515625
2161,0.06591796875,-0.994140625,0.152587890625
2162,0.067626953125,-0.99560546875,0.16455078125
2163,0.068115234375,-0.987060546875,0.15966796875
2164,0.074462890625,-0.9892578125,0.17578125
2165,0.076904296875,-0.98779296875,0.182373046875
2166,0.07666015625,-0.9892578125,0.189453125
2167,0.07080078125,-0.99365234375,0.19970703125
2168,0.072021484375,-0.9833984375,0.162841796875
2169,0.072265625,-0.998779296875,0.167724609375
2170,0.0712890625,-1.013671875,0.1748046875
2171,0.0791015625,-1.006591796875,0.138916015625
2172,0.0869140625,-1.002685546875,0.13134765625
2173,0.09326171875,-0.99560546875,0.118408203125
2174,0.0966796875,-0.986572265625,0.11181640625
2175,0.093994140625,-0.98876953125,0.121337890625
2176,0.083984375,-0.9873046875,0.109130859375
2177,0.078857421875,-0.98388671875,0.098388671875
2178,0.07861328125,-0.99462890625,0.109375
2179,0.075439453125,-1.0009765625,0.11669921875
2180,0.073974609375,-1.001953125,0.1103515625
2181,0.07421875,-1.005615234375,0.11474609375
2182,0.076171875,-1.003173828125,0.12548828125
2183,0.076171875,-1.003173828125,0.12548828125
2184,0.0771484375,-1.0,0.13525390625
2185,0.07275390625,-0.999755859375,0.13720703125
2186,0.072509765625,-0.990966796875,0.129150390625
2187,0.071533203125,-0.984130859375,0.12890625
2188,0.068115234375,-0.984375,0.11962890625
2189,0.06884765625,-0.983154296875,0.108154296875
2190,0.0625,-0.991455078125,0.1337890625
2191,0.054931640625,-1.00244140625,0.159423828125
2192,0.056884765625,-1.006591796875,0.182373046875
2193,0.057373046875,-1.003173828125,0.186279296875
2194,0.05078125,-1.0068359375,0.180419921875
2195,0.0498046875,-1.006591796875,0.18408203125
2196,0.060791015625,-0.996826171875,0.161865234375
2197,0.069091796875,-0.998046875,0.14990234375
2198,0.069091796875,-1.00439453125,0.155517578125
2199,0.06640625,-1.01123046875,0.161376953125
2200,0.0654296875,-1.005859375,0.145263671875
2201,0.068359375,-0.99853515625,0.13671875
2202,0.070068359375,-0.996337890625,0.138916015625
2203,0.070068359375,-0.99658203125,0.127197265625
2204,0.0732421875,-1.001708984375,0.130859375
2205,0.071533203125,-1.003662109375,0.131591796875
2206,0.065185546875,-1.003173828125,0.1279296875
2207,0.068603515625,-1.002197265625,0.122802734375
2208,0.068359375,-0.99609375,0.1083984375
2209,0.072509765625,-0.9970703125,0.124267578125
2210,0.072509765625,-0.9970703125,0.124267578125
2211,0.076416015625,-0.998046875,0.134521484375
2212,0.07373046875,-0.990478515625,0.118896484375
2213,0.074951171875,-0.990478515625,0.107421875
2214,0.070556640625,-0.993408203125,0.1064453125
2215,0.06591796875,-0.9951171875,0.114990234375
2216,0.0673828125,-0.9970703125,0.117919921875
2217,0.0654296875,-1.00244140625,0.139892578125
2218,0.06787109375,-0.999267578125,0.147705078125
2219,0.07373046875,-0.9990234375,0.14453125
2220,0.0712890625,-0.998779296875,0.14990234375
2221,0.07421875,-0.9892578125,0.14111328125
2222,0.076171875,-0.99658203125,0.1484375
2223,0.076171875,-1.0,0.157470703125
2224,0.07861328125,-0.99169921875,0.152099609375
2225,0.0771484375,-0.997314453125,0.160888671875
2226,0.073486328125,-0.99853515625,0.160888671875
2227,0.072021484375,-0.98828125,0.14013671875
2228,0.076171875,-0.9892578125,0.1357421875
2229,0.077880859375,-0.998291015625,0.14404296875
2230,0.075439453125,-1.000732421875,0.14306640625
2231,0.0771484375,-0.9990234375,0.141357421875
2232,0.07958984375,-0.99560546875,0.150146484375
2233,0.07666015625,-0.994384765625,0.157470703125
2234,0.07275390625,-0.992919921875,0.157958984375
2235,0.06982421875,-0.996337890625,0.159423828125
2236,0.06787109375,-0.99755859375,0.152099609375
2237,0.06787109375,-0.99755859375,0.152099609375
2238,0.070556640625,-0.99755859375,0.14208984375
2239,0.07275390625,-0.998291015625,0.135498046875
2240,0.07080078125,-0.998291015625,0.14306640625
2241,0.07373046875,-1.002197265625,0.155517578125
2242,0.072265625,-1.0009765625,0.15234375
2243,0.066162109375,-0.999755859375,0.140380859375
2244,0.06884765625,-1.00146484375,0.137939453125
2245,0.069091796875,-1.002685546875,0.138671875
2246,0.06298828125,-1.0009765625,0.13671875
2247,0.061279296875,-0.994384765625,0.127197265625
2248,0.06689453125,-0.999267578125,0.129150390625
2249,0.066162109375,-1.001708984375,0.128173828125
2250,0.064208984375,-0.994873046875,0.1240234375
2251,0.064208984375,-1.004638671875,0.141357421875
2252,0.06396484375,-1.0068359375,0.1298828125
2253,0.066650390625,-0.996826171875,0.1083984375
2254,0.07080078125,-0.9912109375,0.11279296875
2255,0.072265625,-0.99462890625,0.12939453125
2256,0.07177734375,-0.99658203125,0.138427734375
2257,0.069580078125,-1.00048828125,0.14697265625
2258,0.068115234375,-0.999755859375,0.15234375
2259,0.0732421875,-0.989501953125,0.144287109375
2260,0.071044921875,-0.990966796875,0.140869140625
2261,0.071044921875,-0.992919921875,0.141357421875
2262,0.078857421875,-0.993408203125,0.1435546875
2263,0.07177734375,-0.997314453125,0.14404296875
2264,0.07177734375,-0.997314453125,0.14404296875
2265,0.06787109375,-1.000732421875,0.149169921875
2266,0.07568359375,-1.0,0.157958984375
2267,0.071044921875,-0.998291015625,0.16455078125
2268,0.066650390625,-0.99609375,0.16748046875
2269,0.06689453125,-0.995361328125,0.163330078125
2270,0.06103515625,-0.998779296875,0.163330078125
2271,0.061767578125,-1.001953125,0.161865234375
2272,0.068603515625,-0.997314453125,0.152099609375
2273,0.066650390625,-0.99072265625,0.140380859375
2274,0.068359375,-0.995361328125,0.13525390625
2275,0.073974609375,-0.998291015625,0.13720703125
2276,0.071533203125,-1.00048828125,0.141845703125
2277,0.0693359375,-1.001220703125,0.14208984375
2278,0.069091796875,-0.99560546875,0.133544921875
2279,0.071533203125,-0.996337890625,0.135498046875
2280,0.07177734375,-0.99072265625,0.12890625
2281,0.070556640625,-0.982666015625,0.126220703125
2282,0.068603515625,-0.9892578125,0.14111328125
2283,0.07275390625,-0.999267578125,0.149169921875
2284,0.071533203125,-0.990966796875,0.141845703125
2285,0.065673828125,-0.99267578125,0.15185546875
2286,0.072998046875,-1.01123046875,0.181396484375
2287,0.072265625,-1.005859375,0.16552734375
2288,0.068603515625,-1.003662109375,0.150146484375
2289,0.072265625,-1.00244140625,0.147705078125
2290,0.072265625,-1.00244140625,0.147705078125
2291,0.07373046875,-0.99462890625,0.130126953125
2292,0.0751953125,-1.005615234375,0.13916015625
2293,0.076416015625,-1.008544921875,0.151611328125
2294,0.07568359375,-1.000244140625,0.1376953125
2295,0.076904296875,-1.0029296875,0.133544921875
2296,0.07275390625,-1.0048828125,0.1474609375
2297,0.06884765625,-0.999755859375,0.14697265625
2298,0.071044921875,-1.001953125,0.1435546875
2299,0.06884765625,-1.0048828125,0.145751953125
2300,0.06494140625,-0.994384765625,0.129638671875
2301,0.0703125,-0.999267578125,0.1318359375
2302,0.073486328125,-1.00146484375,0.126220703125
2303,0.067138671875,-0.993408203125,0.109619140625
2304,0.072509765625,-0.9970703125,0.11474609375
2305,0.078857421875,-0.993896484375,0.111328125
2306,0.0703125,-0.990478515625,0.10693359375
2307,0.066650390625,-0.99072265625,0.121337890625
2308,0.07177734375,-0.990478515625,0.130126953125
2309,0.063720703125,-0.994140625,0.1279296875
2310,0.052734375,-0.99365234375,0.126708984375
2311,0.053955078125,-1.001220703125,0.13818359375
2312,0.059814453125,-1.005859375,0.150390625
2313,0.06298828125,-1.00390625,0.153564453125
2314,0.061767578125,-1.0009765625,0.1455078125
2315,0.066650390625,-1.00048828125,0.150146484375
2316,0.07275390625,-0.99560546875,0.15478515625
2317,0.07275390625,-0.99560546875,0.15478515625
2318,0.073486328125,-0.991943359375,0.153076171875
2319,0.073974609375,-1.000732421875,0.1630859375
2320,0.076171875,-1.002685546875,0.150390625
2321,0.06982421875,-0.997314453125,0.1298828125
2322,0.072509765625,-0.99609375,0.130859375
2323,0.07421875,-0.9990234375,0.13330078125
2324,0.065185546875,-0.996826171875,0.129638671875
2325,0.073974609375,-1.0,0.146484375
2326,0.08056640625,-0.999755859375,0.1494140625
2327,0.076171875,-0.994873046875,0.134521484375
2328,0.077880859375,-0.99658203125,0.1455078125
2329,0.08251953125,-0.996826171875,0.15673828125
2330,0.068115234375,-0.98974609375,0.131103515625
2331,0.0673828125,-0.994873046875,0.127685546875
2332,0.081787109375,-1.00146484375,0.140869140625
2333,0.07421875,-0.99072265625,0.125
2334,0.076416015625,-0.985595703125,0.12060546875
2335,0.078369140625,-0.992431640625,0.13037109375
2336,0.06982421875,-1.0,0.142578125
2337,0.0712890625,-1.00634765625,0.159423828125
2338,0.0712890625,-1.00634765625,0.160400390625
2339,0.06787109375,-1.000244140625,0.16162109375
2340,0.06982421875,-0.991455078125,0.14501953125
2341,0.07421875,-0.9931640625,0.146728515625
2342,0.071044921875,-0.998291015625,0.17626953125
2343,0.071044921875,-0.998291015625,0.17626953125
2344,0.068115234375,-0.9970703125,0.16357421875
2345,0.063720703125,-0.99951171875,0.1513671875
2346,0.0595703125,-1.0,0.1455078125
2347,0.069580078125,-1.004150390625,0.144775390625
2348,0.071533203125,-0.998779296875,0.139892578125
2349,0.061279296875,-0.997802734375,0.141357421875
2350,0.06982421875,-1.00390625,0.16455078125
2351,0.0751953125,-0.99609375,0.16259765625
2352,0.0625,-0.991943359375,0.135498046875
2353,0.068115234375,-1.006591796875,0.1474609375
2354,0.072021484375,-1.013916015625,0.15966796875
2355,0.06787109375,-0.997802734375,0.13623046875
2356,0.072021484375,-0.994140625,0.12744140625
2357,0.07080078125,-0.998291015625,0.12646484375
2358,0.06982421875,-0.9951171875,0.132080078125
2359,0.07275390625,-0.994384765625,0.13037109375
2360,0.0673828125,-0.9951171875,0.1240234375
2361,0.0634765625,-0.9951171875,0.12353515625
2362,0.0703125,-0.996337890625,0.129150390625
2363,0.07080078125,-0.989990234375,0.129150390625
2364,0.06787109375,-0.991455078125,0.138427734375
2365,0.061279296875,-1.00146484375,0.153076171875
2366,0.059814453125,-0.9990234375,0.142333984375
2367,0.067626953125,-0.994873046875,0.140869140625
2368,0.07373046875,-0.99609375,0.140869140625
2369,0.069580078125,-0.99609375,0.146484375
2370,0.069580078125,-0.99609375,0.146484375
2371,0.074951171875,-0.99755859375,0.165283203125
2372,0.07763671875,-0.99072265625,0.14111328125
2373,0.060302734375,-0.99658203125,0.13818359375
2374,0.070068359375,-1.00244140625,0.15673828125
2375,0.0859375,-1.001708984375,0.15380859375
2376,0.07568359375,-1.001953125,0.135498046875
2377,0.0732421875,-0.99462890625,0.11083984375
2378,0.074951171875,-0.996337890625,0.11767578125
2379,0.073974609375,-0.998291015625,0.13134765625
2380,0.077880859375,-0.998779296875,0.136474609375
2381,0.07275390625,-0.997314453125,0.13671875
2382,0.074951171875,-0.990966796875,0.11865234375
2383,0.0771484375,-0.998291015625,0.1259765625
2384,0.07080078125,-0.99853515625,0.139404296875
2385,0.07470703125,-0.99365234375,0.1416015625
2386,0.076171875,-0.998046875,0.150390625
2387,0.0703125,-0.99560546875,0.1318359375
2388,0.068115234375,-0.99609375,0.133056640625
2389,0.067138671875,-0.993896484375,0.150634765625
2390,0.0693359375,-1.000732421875,0.16162109375
2391,0.071533203125,-0.99658203125,0.158935546875
2392,0.064208984375,-0.9833984375,0.14111328125
2393,0.062744140625,-0.989501953125,0.133056640625
2394,0.060546875,-1.001953125,0.139892578125
2395,0.058349609375,-1.01220703125,0.160400390625
2396,0.058349609375,-1.01220703125,0.160400390625
2397,0.07763671875,-1.0048828125,0.16552734375
2398,0.0712890625,-0.995361328125,0.14599609375
2399,0.05224609375,-0.99853515625,0.124755859375
2400,0.065185546875,-1.00390625,0.1328125
2401,0.0673828125,-1.00634765625,0.156005859375
2402,0.068359375,-0.998046875,0.156982421875
2403,0.075927734375,-0.99609375,0.141845703125
2404,0.06005859375,-0.999267578125,0.12890625
2405,0.0625,-0.996826171875,0.132080078125
2406,0.078125,-1.006591796875,0.149658203125
2407,0.072998046875,-1.00634765625,0.145263671875
2408,0.06689453125,-0.988525390625,0.12109375
2409,0.0712890625,-0.9912109375,0.12451171875
2410,0.0712890625,-1.0048828125,0.149169921875
2411,0.0703125,-1.00244140625,0.144775390625
2412,0.071044921875,-0.997802734375,0.141845703125
2413,0.07861328125,-0.9931640625,0.138427734375
2414,0.076171875,-0.989013671875,0.1171875
2415,0.06591796875,-0.997802734375,0.13037109375
2416,0.071533203125,-1.0048828125,0.155029296875
2417,0.073974609375,-1.001220703125,0.150634765625
2418,0.065185546875,-0.994873046875,0.13037109375
2419,0.06298828125,-0.990478515625,0.107666015625
2420,0.067626953125,-0.996826171875,0.126953125
2421,0.071533203125,-1.003662109375,0.157470703125
2422,0.078369140625,-0.994140625,0.143798828125
2423,0.068603515625,-0.98779296875,0.12548828125
2424,0.068603515625,-0.98779296875,0.12548828125
2425,0.060302734375,-0.998779296875,0.134521484375
2426,0.059814453125,-1.00732421875,0.159912109375
2427,0.063720703125,-0.999267578125,0.16552734375
2428,0.068359375,-0.996826171875,0.173583984375
2429,0.070068359375,-0.994384765625,0.167724609375
2430,0.072265625,-0.9873046875,0.134765625
2431,0.062744140625,-0.994140625,0.137939453125
2432,0.061279296875,-1.008544921875,0.16552734375
2433,0.0712890625,-1.008544921875,0.179443359375
2434,0.076171875,-0.990478515625,0.147216796875
2435,0.06640625,-0.979736328125,0.099853515625
2436,0.0703125,-0.9931640625,0.120361328125
2437,0.079345703125,-1.0029296875,0.152587890625
2438,0.075927734375,-1.0,0.161865234375
2439,0.080078125,-0.99755859375,0.156005859375
2440,0.074951171875,-0.9921875,0.126953125
2441,0.0654296875,-0.998046875,0.123291015625
2442,0.0654296875,-1.005615234375,0.14599609375
2443,0.06982421875,-1.00537109375,0.16748046875
2444,0.07275390625,-1.000244140625,0.154052734375
2445,0.0703125,-0.9912109375,0.113525390625
2446,0.064697265625,-0.99951171875,0.11767578125
2447,0.06884765625,-1.008544921875,0.1533203125
2448,0.0771484375,-1.002685546875,0.157958984375
2449,0.068603515625,-0.99365234375,0.129638671875
2450,0.066650390625,-0.987548828125,0.116943359375
2451,0.066650390625,-0.987548828125,0.116943359375
2452,0.068603515625,-0.99267578125,0.1328125
2453,0.06103515625,-0.998779296875,0.137939453125
2454,0.062744140625,-1.010498046875,0.15966796875
2455,0.0732421875,-1.00830078125,0.17578125
2456,0.07666015625,-0.98876953125,0.1328125
2457,0.068115234375,-0.989990234375,0.119140625
2458,0.070068359375,-0.998046875,0.14697265625
2459,0.07763671875,-1.00341796875,0.155029296875
2460,0.07373046875,-0.9990234375,0.13525390625
2461,0.066162109375,-0.989501953125,0.116943359375
2462,0.070068359375,-0.994873046875,0.129150390625
2463,0.066650390625,-1.008544921875,0.152587890625
2464,0.063232421875,-1.009521484375,0.162841796875
2465,0.0732421875,-0.998046875,0.148193359375
2466,0.070068359375,-0.998291015625,0.135498046875
2467,0.062255859375,-0.9990234375,0.126708984375
2468,0.060791015625,-1.006591796875,0.142578125
2469,0.068115234375,-1.0146484375,0.171142578125
2470,0.07373046875,-1.00146484375,0.16015625
2471,0.06787109375,-0.9814453125,0.1298828125
2472,0.063232421875,-0.9833984375,0.118896484375
2473,0.06982421875,-0.99560546875,0.1318359375
2474,0.072509765625,-1.00390625,0.167236328125
2475,0.071533203125,-0.9970703125,0.15966796875
2476,0.076904296875,-0.98974609375,0.134765625
2477,0.076904296875,-0.98974609375,0.134765625
2478,0.070068359375,-0.993896484375,0.13623046875
2479,0.068603515625,-0.996337890625,0.132568359375
2480,0.076171875,-1.0048828125,0.14306640625
2481,0.07177734375,-1.002685546875,0.145751953125
2482,0.068603515625,-0.9912109375,0.126220703125
2483,0.07275390625,-0.99365234375,0.118896484375
2484,0.068115234375,-1.001220703125,0.129638671875
2485,0.066162109375,-1.00390625,0.1455078125
2486,0.075439453125,-0.999755859375,0.152587890625
2487,0.0732421875,-0.98681640625,0.11669921875
2488,0.0712890625,-0.989990234375,0.113037109375
2489,0.07373046875,-1.001220703125,0.144775390625
2490,0.07177734375,-1.00439453125,0.16796875
2491,0.068603515625,-0.996826171875,0.15625
2492,0.073486328125,-0.99267578125,0.145263671875
2493,0.076171875,-0.990478515625,0.142822265625
2494,0.0673828125,-0.993408203125,0.135986328125
2495,0.06787109375,-1.000244140625,0.152099609375
2496,0.07373046875,-1.003173828125,0.1611328125
2497,0.072021484375,-0.999755859375,0.15771484375
2498,0.06298828125,-0.994873046875,0.138427734375
2499,0.069091796875,-1.00537109375,0.14208984375
2500,0.071533203125,-1.010986328125,0.161376953125
2501,0.069580078125,-0.994873046875,0.135498046875
2502,0.070068359375,-0.9892578125,0.11572265625
2503,0.070068359375,-0.9892578125,0.11572265625
2504,0.067626953125,-0.998046875,0.12255859375
2505,0.0634765625,-1.003662109375,0.132080078125
2506,0.065673828125,-1.005859375,0.1591796875
2507,0.07275390625,-0.997314453125,0.15185546875
2508,0.07568359375,-0.99072265625,0.140380859375
2509,0.0703125,-0.987060546875,0.132080078125
2510,0.06103515625,-0.995849609375,0.140869140625
2511,0.064697265625,-1.0029296875,0.15966796875
2512,0.064453125,-1.004150390625,0.160400390625
2513,0.067626953125,-0.993896484375,0.142822265625
2514,0.06591796875,-0.990478515625,0.13330078125
2515,0.072021484375,-1.002685546875,0.15478515625
2516,0.070556640625,-0.998046875,0.14306640625
2517,0.0654296875,-0.991943359375,0.128662109375
2518,0.070068359375,-0.992431640625,0.1259765625
2519,0.066162109375,-0.996337890625,0.129150390625
2520,0.06884765625,-1.001953125,0.14697265625
2521,0.078369140625,-1.00048828125,0.147216796875
2522,0.078857421875,-0.988037109375,0.12841796875
2523,0.071533203125,-0.990478515625,0.125
2524,0.070556640625,-0.9951171875,0.1201171875
2525,0.068603515625,-1.0009765625,0.1337890625
2526,0.06884765625,-1.001220703125,0.139892578125
2527,0.070068359375,-1.0009765625,0.138916015625
2528,0.070556640625,-0.996826171875,0.127197265625
2529,0.070556640625,-0.996826171875,0.127197265625
2530,0.067138671875,-0.99560546875,0.119140625
2531,0.071533203125,-1.001953125,0.144775390625
2532,0.06787109375,-0.996826171875,0.150146484375
2533,0.065185546875,-0.999755859375,0.15771484375
2534,0.071044921875,-0.99853515625,0.148193359375
2535,0.0703125,-1.000244140625,0.14404296875
2536,0.072509765625,-1.004638671875,0.1591796875
2537,0.077880859375,-1.00048828125,0.155517578125
2538,0.068603515625,-0.991943359375,0.13134765625
2539,0.061279296875,-0.997314453125,0.136474609375
2540,0.0732421875,-0.99853515625,0.148681640625
2541,0.07177734375,-0.9970703125,0.15185546875
2542,0.07177734375,-0.996826171875,0.15234375
2543,0.076171875,-0.990478515625,0.137451171875
2544,0.069580078125,-0.98583984375,0.11328125
2545,0.06640625,-0.988037109375,0.11474609375
2546,0.07373046875,-0.999755859375,0.141357421875
2547,0.072998046875,-1.00146484375,0.130859375
2548,0.075439453125,-0.998779296875,0.131103515625
2549,0.07958984375,-1.002197265625,0.153564453125
2550,0.074462890625,-0.993896484375,0.1337890625
2551,0.0703125,-0.9970703125,0.1298828125
2552,0.07177734375,-0.998046875,0.151123046875
2553,0.0712890625,-0.989990234375,0.13916015625
2554,0.066650390625,-0.9912109375,0.129150390625
2555,0.066650390625,-1.000732421875,0.1455078125
2556,0.077880859375,-1.0048828125,0.164794921875
2557,0.077880859375,-1.0048828125,0.164794921875
2558,0.07666015625,-0.99658203125,0.142578125
2559,0.071044921875,-0.996826171875,0.1337890625
2560,0.0732421875,-0.998291015625,0.1357421875
2561,0.05908203125,-1.006103515625,0.142578125
2562,0.062744140625,-1.001220703125,0.15283203125
2563,0.072509765625,-1.000732421875,0.15478515625
2564,0.069091796875,-1.00341796875,0.15576171875
2565,0.07177734375,-0.998046875,0.14453125
2566,0.067138671875,-0.997314453125,0.138427734375
2567,0.062744140625,-1.00341796875,0.142822265625
2568,0.072021484375,-0.999755859375,0.145263671875
2569,0.07275390625,-0.990478515625,0.133544921875
2570,0.071044921875,-0.998046875,0.145751953125
2571,0.0712890625,-0.99951171875,0.159423828125
2572,0.063720703125,-0.99462890625,0.15087890625
2573,0.068115234375,-0.99853515625,0.144775390625
2574,0.07275390625,-0.999755859375,0.141845703125
2575,0.064697265625,-0.9912109375,0.13134765625
2576,0.06494140625,-0.994873046875,0.142822265625
2577,0.06591796875,-0.998291015625,0.147705078125
2578,0.064208984375,-0.994384765625,0.136962890625
2579,0.069091796875,-0.997802734375,0.148681640625
2580,0.071044921875,-0.992919921875,0.13720703125
2581,0.071044921875,-0.992431640625,0.122802734375
2582,0.072021484375,-0.9990234375,0.140625
2583,0.072021484375,-0.9990234375,0.140625
2584,0.071533203125,-0.993896484375,0.141845703125
2585,0.069091796875,-0.993896484375,0.130859375
2586,0.072021484375,-1.001220703125,0.14013671875
2587,0.06591796875,-0.994873046875,0.131591796875
2588,0.069091796875,-0.997314453125,0.132080078125
2589,0.076171875,-1.00732421875,0.14892578125
2590,0.063720703125,-1.00244140625,0.132080078125
2591,0.06640625,-1.00439453125,0.1318359375
2592,0.074951171875,-1.001220703125,0.151123046875
2593,0.072265625,-0.9931640625,0.14111328125
2594,0.06884765625,-0.9921875,0.134521484375
2595,0.06787109375,-0.99658203125,0.150146484375
2596,0.07177734375,-0.99755859375,0.151123046875
2597,0.07275390625,-0.99560546875,0.135009765625
2598,0.07177734375,-1.005859375,0.15771484375
2599,0.077392578125,-1.000732421875,0.16357421875
2600,0.069580078125,-0.991943359375,0.130615234375
2601,0.064453125,-0.999755859375,0.1484375
2602,0.076416015625,-0.997314453125,0.15478515625
2603,0.07666015625,-0.988037109375,0.125
2604,0.071533203125,-1.000732421875,0.142333984375
2605,0.07421875,-1.002685546875,0.155517578125
2606,0.0673828125,-0.997314453125,0.13671875
2607,0.06494140625,-1.003662109375,0.14697265625
2608,0.079833984375,-1.0,0.148681640625
2609,0.072021484375,-1.000244140625,0.1337890625
2610,0.0634765625,-0.99853515625,0.13623046875
2611,0.0634765625,-0.99853515625,0.13623046875
2612,0.074462890625,-0.99658203125,0.148193359375
2613,0.071044921875,-1.00048828125,0.146484375
2614,0.06591796875,-1.0009765625,0.144775390625
2615,0.0693359375,-0.99755859375,0.154541015625
2616,0.06884765625,-0.9951171875,0.1474609375
2617,0.070068359375,-0.996826171875,0.14697265625
2618,0.0693359375,-0.993408203125,0.146728515625
2619,0.06494140625,-0.993408203125,0.1337890625
2620,0.071044921875,-1.002197265625,0.148193359375
2621,0.077392578125,-1.00048828125,0.145263671875
2622,0.06494140625,-1.001953125,0.148681640625
2623,0.05712890625,-1.0009765625,0.165771484375
2624,0.070068359375,-0.988037109375,0.146728515625
2625,0.06982421875,-0.98486328125,0.1318359375
2626,0.074951171875,-0.99560546875,0.129638671875
2627,0.08642578125,-1.0068359375,0.115966796875
2628,0.06787109375,-1.014404296875,0.1103515625
2629,0.06396484375,-1.0146484375,0.134521484375
2630,0.069580078125,-1.0048828125,0.132568359375
2631,0.052978515625,-0.998046875,0.11181640625
2632,0.065185546875,-0.9970703125,0.133056640625
2633,0.072998046875,-0.99462890625,0.1494140625
2634,0.060546875,-0.994384765625,0.142578125
2635,0.068115234375,-1.00244140625,0.1552734375
2636,0.068115234375,-1.00244140625,0.1552734375
2637,0.06201171875,-1.000732421875,0.142333984375
2638,0.056884765625,-0.99658203125,0.144775390625
2639,0.076171875,-0.989990234375,0.168701171875
2640,0.07177734375,-0.979248046875,0.166015625
2641,0.070556640625,-0.986572265625,0.1630859375
2642,0.0830078125,-0.994140625,0.153076171875
2643,0.072265625,-0.9931640625,0.1337890625
2644,0.076904296875,-0.9921875,0.1142578125
2645,0.085693359375,-1.003173828125,0.128173828125
2646,0.068115234375,-1.001708984375,0.11865234375
2647,0.072265625,-1.000244140625,0.119384765625
2648,0.08251953125,-0.99853515625,0.14306640625
2649,0.070068359375,-0.986572265625,0.143798828125
2650,0.072998046875,-0.998046875,0.1533203125
2651,0.0771484375,-1.004150390625,0.154541015625
2652,0.06884765625,-0.99609375,0.139404296875
2653,0.071533203125,-0.9912109375,0.12255859375
2654,0.072998046875,-0.99755859375,0.142822265625
2655,0.06591796875,-0.994873046875,0.14208984375
2656,0.068115234375,-0.996337890625,0.131103515625
2657,0.070068359375,-1.00732421875,0.15087890625
2658,0.0693359375,-0.998779296875,0.135009765625
2659,0.0703125,-0.9970703125,0.13134765625
2660,0.0712890625,-0.997802734375,0.158203125
2661,0.0712890625,-0.990478515625,0.150390625
2662,0.068603515625,-0.9912109375,0.1484375
2663,0.0654296875,-0.99169921875,0.16357421875
2664,0.0654296875,-0.99169921875,0.16357421875
2665,0.06982421875,-0.99365234375,0.166259765625
2666,0.063720703125,-0.998046875,0.173095703125
2667,0.062744140625,-1.0,0.16015625
2668,0.0693359375,-0.9951171875,0.1259765625
2669,0.065185546875,-0.99755859375,0.126708984375
2670,0.069091796875,-0.99755859375,0.12451171875
2671,0.07275390625,-1.000732421875,0.134521484375
2672,0.066162109375,-1.01318359375,0.148681640625
2673,0.072265625,-1.004150390625,0.129638671875
2674,0.07470703125,-0.9990234375,0.13232421875
2675,0.062744140625,-1.00439453125,0.140625
2676,0.06787109375,-1.000732421875,0.14990234375
2677,0.071533203125,-1.002685546875,0.1494140625
2678,0.0634765625,-1.003173828125,0.15673828125
2679,0.068115234375,-0.996337890625,0.15478515625
2680,0.0732421875,-0.996826171875,0.147705078125
2681,0.06884765625,-0.9990234375,0.156494140625
2682,0.072265625,-0.995361328125,0.14208984375
2683,0.073974609375,-0.993896484375,0.130126953125
2684,0.0693359375,-0.992431640625,0.125732421875
2685,0.072021484375,-0.995361328125,0.131103515625
2686,0.067138671875,-0.998291015625,0.13720703125
2687,0.072265625,-0.99755859375,0.13232421875
2688,0.077880859375,-1.002197265625,0.13427734375
2689,0.069091796875,-0.997314453125,0.12841796875
2690,0.07177734375,-0.99755859375,0.138671875
2691,0.07177734375,-0.99755859375,0.138671875
2692,0.07177734375,-1.000244140625,0.15234375
2693,0.0751953125,-0.989501953125,0.135498046875
2694,0.075927734375,-0.988037109375,0.1376953125
2695,0.072265625,-0.9912109375,0.13720703125
2696,0.0673828125,-1.00634765625,0.150390625
2697,0.06640625,-1.00830078125,0.152099609375
2698,0.065185546875,-0.990966796875,0.135009765625
2699,0.063720703125,-0.99658203125,0.143798828125
2700,0.065673828125,-0.997314453125,0.139404296875
2701,0.0634765625,-0.98974609375,0.140869140625
2702,0.064208984375,-0.994384765625,0.1357421875
2703,0.06884765625,-1.010498046875,0.154052734375
2704,0.069580078125,-1.005126953125,0.1552734375
2705,0.06982421875,-0.989990234375,0.124267578125
2706,0.0771484375,-0.996337890625,0.13916015625
2707,0.076171875,-0.99365234375,0.13818359375
2708,0.06982421875,-0.98876953125,0.123046875
2709,0.072998046875,-0.997802734375,0.147216796875
2710,0.07373046875,-0.998046875,0.156494140625
2711,0.075439453125,-0.994384765625,0.148193359375
2712,0.076171875,-0.9951171875,0.135498046875
2713,0.07177734375,-0.993896484375,0.123291015625
2714,0.072998046875,-0.998046875,0.129638671875
2715,0.071533203125,-1.00048828125,0.144287109375
2716,0.068359375,-1.008544921875,0.164306640625
2717,0.071044921875,-1.008544921875,0.1552734375
2718,0.069091796875,-0.99951171875,0.134033203125
2719,0.069091796875,-0.99951171875,0.134033203125
2720,0.06689453125,-0.99951171875,0.13623046875
2721,0.06982421875,-0.998779296875,0.1494140625
2722,0.070068359375,-0.9931640625,0.148193359375
2723,0.0673828125,-0.99560546875,0.151123046875
2724,0.068115234375,-1.0029296875,0.157470703125
2725,0.07275390625,-0.9931640625,0.132568359375
2726,0.069091796875,-0.998291015625,0.141357421875
2727,0.065673828125,-1.005615234375,0.151611328125
2728,0.070068359375,-0.990478515625,0.1279296875
2729,0.07275390625,-0.990478515625,0.127685546875
2730,0.069091796875,-0.996826171875,0.120361328125
2731,0.072021484375,-1.0,0.127685546875
2732,0.07080078125,-1.0078125,0.150634765625
2733,0.06591796875,-1.001708984375,0.143310546875
2734,0.074951171875,-0.9951171875,0.134521484375
2735,0.0712890625,-1.001708984375,0.142333984375
2736,0.062255859375,-1.0068359375,0.142578125
2737,0.067138671875,-1.002685546875,0.138427734375
2738,0.067626953125,-1.00634765625,0.166259765625
2739,0.06396484375,-1.008544921875,0.173095703125
2740,0.070068359375,-0.998291015625,0.14599609375
2741,0.07275390625,-0.998046875,0.148681640625
2742,0.070556640625,-0.990478515625,0.1396484375
2743,0.0712890625,-0.98095703125,0.134521484375
2744,0.068359375,-0.9892578125,0.147216796875
2745,0.070068359375,-0.997802734375,0.15185546875
2746,0.070068359375,-0.997802734375,0.15185546875
2747,0.072509765625,-0.997802734375,0.15673828125
2748,0.072509765625,-0.99365234375,0.145263671875
2749,0.075439453125,-0.992431640625,0.131103515625
2750,0.0751953125,-0.989501953125,0.121337890625
2751,0.07373046875,-0.99658203125,0.139404296875
2752,0.07568359375,-1.00048828125,0.147705078125
2753,0.072265625,-0.997802734375,0.130126953125
2754,0.070556640625,-1.003173828125,0.130615234375
2755,0.07177734375,-0.99609375,0.119140625
2756,0.075439453125,-0.995849609375,0.121337890625
2757,0.077880859375,-1.002197265625,0.14306640625
2758,0.07275390625,-0.989501953125,0.13134765625
2759,0.072509765625,-0.99072265625,0.13720703125
2760,0.076416015625,-0.994384765625,0.141845703125
2761,0.07177734375,-0.98876953125,0.118896484375
2762,0.07080078125,-0.99609375,0.13818359375
2763,0.0703125,-0.99609375,0.148193359375
2764,0.067138671875,-0.9951171875,0.138427734375
2765,0.06884765625,-0.998779296875,0.1484375
2766,0.06689453125,-0.997314453125,0.14990234375
2767,0.070068359375,-0.998779296875,0.146728515625
2768,0.0693359375,-1.00390625,0.15185546875
2769,0.068359375,-1.000732421875,0.1376953125
2770,0.064697265625,-0.9951171875,0.1259765625
2771,0.06689453125,-0.996337890625,0.125244140625
2772,0.08056640625,-1.0078125,0.1376953125
2773,0.08056640625,-1.0078125,0.1376953125
2774,0.078125,-1.013916015625,0.149169921875
2775,0.068603515625,-1.00634765625,0.1337890625
2776,0.067138671875,-1.00146484375,0.13134765625
2777,0.0703125,-1.0009765625,0.138427734375
2778,0.0712890625,-0.99267578125,0.134765625
2779,0.071533203125,-0.99365234375,0.13720703125
2780,0.0673828125,-1.00341796875,0.144287109375
2781,0.0673828125,-1.0009765625,0.14306640625
2782,0.069580078125,-1.002685546875,0.153076171875
2783,0.068115234375,-1.00146484375,0.16259765625
2784,0.070068359375,-0.997802734375,0.153076171875
2785,0.069580078125,-0.99609375,0.14892578125
2786,0.067138671875,-0.993408203125,0.142578125
2787,0.072265625,-0.99755859375,0.14453125
2788,0.070068359375,-0.998779296875,0.14990234375
2789,0.06787109375,-1.001220703125,0.14453125
2790,0.070556640625,-1.005615234375,0.14892578125
2791,0.065185546875,-0.994384765625,0.1337890625
2792,0.067626953125,-0.990478515625,0.12744140625
2793,0.0732421875,-1.001220703125,0.14794921875
2794,0.07275390625,-1.00244140625,0.148193359375
2795,0.0712890625,-0.997802734375,0.13037109375
2796,0.069580078125,-1.002197265625,0.1337890625
2797,0.071044921875,-1.00390625,0.1376953125
2798,0.06787109375,-0.996337890625,0.132568359375
2799,0.0673828125,-0.994140625,0.1376953125
2800,0.0673828125,-0.994140625,0.1376953125
2801,0.07177734375,-0.99462890625,0.143798828125
2802,0.0693359375,-0.99365234375,0.14794921875
2803,0.070556640625,-0.996337890625,0.149658203125
2804,0.068603515625,-0.99365234375,0.142333984375
2805,0.062744140625,-0.9951171875,0.146240234375
2806,0.06494140625,-0.99658203125,0.142822265625
2807,0.070068359375,-0.99365234375,0.134521484375
2808,0.072998046875,-0.99853515625,0.141357421875
2809,0.07080078125,-0.99462890625,0.13427734375
2810,0.068359375,-0.994384765625,0.140625
2811,0.070068359375,-0.999267578125,0.148681640625
2812,0.071533203125,-0.99658203125,0.142578125
2813,0.071533203125,-0.998291015625,0.13916015625
2814,0.07177734375,-1.00341796875,0.141357421875
2815,0.074462890625,-0.99560546875,0.13818359375
2816,0.0732421875,-0.986572265625,0.123046875
2817,0.066650390625,-0.99462890625,0.13623046875
2818,0.069580078125,-1.003173828125,0.154541015625
2819,0.06640625,-0.99560546875,0.133544921875
2820,0.061767578125,-1.00146484375,0.1396484375
2821,0.066162109375,-1.002685546875,0.153564453125
2822,0.066162109375,-0.99462890625,0.14697265625
2823,0.06982421875,-0.996337890625,0.14501953125
2824,0.072021484375,-0.998291015625,0.144287109375
2825,0.069580078125,-0.992431640625,0.141357421875
2826,0.069580078125,-0.992431640625,0.141357421875
2827,0.068359375,-0.9921875,0.135009765625
2828,0.068359375,-0.995361328125,0.135498046875
2829,0.0693359375,-0.99951171875,0.150390625
2830,0.07080078125,-0.99365234375,0.142822265625
2831,0.071533203125,-0.990234375,0.136474609375
2832,0.071533203125,-0.998779296875,0.1533203125
2833,0.07275390625,-0.99658203125,0.150634765625
2834,0.067138671875,-0.99609375,0.1357421875
2835,0.06689453125,-0.99072265625,0.125732421875
2836,0.0712890625,-0.995361328125,0.138427734375
2837,0.067138671875,-1.0009765625,0.139404296875
2838,0.065185546875,-1.004638671875,0.139404296875
2839,0.0703125,-1.001220703125,0.143310546875
2840,0.06494140625,-0.99755859375,0.142333984375
2841,0.0654296875,-1.001708984375,0.1513671875
2842,0.070068359375,-1.000244140625,0.142822265625
2843,0.06201171875,-1.005615234375,0.14892578125
2844,0.069091796875,-1.0009765625,0.1552734375
2845,0.073486328125,-0.989990234375,0.1396484375
2846,0.068115234375,-0.991943359375,0.14306640625
2847,0.072998046875,-0.99462890625,0.151123046875
2848,0.07470703125,-1.00048828125,0.1533203125
2849,0.059814453125,-0.997802734375,0.158935546875
2850,0.06689453125,-0.989990234375,0.140380859375
2851,0.073974609375,-0.994384765625,0.13330078125
2852,0.06201171875,-0.995849609375,0.1357421875
2853,0.07080078125,-0.994384765625,0.138671875
2854,0.0751953125,-0.997802734375,0.138671875
2855,0.062255859375,-1.00048828125,0.129150390625
2856,0.071044921875,-1.003662109375,0.13525390625
2857,0.07373046875,-0.998291015625,0.133056640625
2858,0.0673828125,-0.99267578125,0.1201171875
2859,0.0673828125,-0.99267578125,0.1201171875
2860,0.076904296875,-0.9951171875,0.125732421875
2861,0.072998046875,-0.998779296875,0.14208984375
2862,0.059814453125,-1.001953125,0.143310546875
2863,0.07177734375,-1.00390625,0.151611328125
2864,0.0751953125,-1.00146484375,0.156982421875
2865,0.068115234375,-0.99609375,0.1396484375
2866,0.07373046875,-0.9931640625,0.139404296875
2867,0.0732421875,-0.990966796875,0.145263671875
2868,0.068359375,-0.98583984375,0.1376953125
2869,0.069091796875,-0.99267578125,0.1533203125
2870,0.069091796875,-0.994873046875,0.149169921875
2871,0.070556640625,-0.993896484375,0.139892578125
2872,0.0712890625,-0.99267578125,0.130615234375
2873,0.072509765625,-0.993408203125,0.114501953125
2874,0.07470703125,-1.004638671875,0.13037109375
2875,0.067626953125,-0.999755859375,0.13427734375
2876,0.06591796875,-0.997314453125,0.125244140625
2877,0.072998046875,-1.002197265625,0.142822265625
2878,0.073974609375,-0.99658203125,0.1435546875
2879,0.06640625,-0.99658203125,0.13818359375
2880,0.071533203125,-1.00048828125,0.14208984375
2881,0.073974609375,-0.99853515625,0.1435546875
2882,0.0703125,-0.9921875,0.14453125
2883,0.069091796875,-0.993896484375,0.154052734375
2884,0.073974609375,-0.99853515625,0.154296875
2885,0.067626953125,-0.99951171875,0.1455078125
2886,0.066650390625,-0.998291015625,0.153076171875
2887,0.06982421875,-0.994384765625,0.14990234375
2888,0.068115234375,-1.000244140625,0.1552734375
2889,0.068115234375,-1.000244140625,0.1552734375
2890,0.06787109375,-1.0009765625,0.161865234375
2891,0.0673828125,-0.99951171875,0.150146484375
2892,0.06640625,-1.002685546875,0.15087890625
2893,0.059326171875,-0.994140625,0.13330078125
2894,0.067138671875,-0.989990234375,0.1279296875
2895,0.0751953125,-0.998046875,0.144775390625
2896,0.06689453125,-0.993408203125,0.13720703125
2897,0.0712890625,-0.99658203125,0.13671875
2898,0.072998046875,-1.00390625,0.147216796875
2899,0.065185546875,-0.9970703125,0.137451171875
2900,0.07177734375,-0.995849609375,0.138671875
2901,0.0791015625,-0.99951171875,0.14599609375
2902,0.076171875,-0.9951171875,0.129150390625
2903,0.066162109375,-0.9951171875,0.131103515625
2904,0.0703125,-0.99853515625,0.131591796875
2905,0.0673828125,-1.000732421875,0.143310546875
2906,0.071044921875,-1.00048828125,0.153564453125
2907,0.073486328125,-0.99560546875,0.150390625
2908,0.06640625,-0.994140625,0.142578125
2909,0.074951171875,-1.001220703125,0.14501953125
2910,0.073974609375,-0.9970703125,0.140625
2911,0.072021484375,-0.9990234375,0.1376953125
2912,0.07373046875,-1.0029296875,0.146484375
2913,0.068359375,-1.001953125,0.14990234375
2914,0.073974609375,-0.99951171875,0.134521484375
2915,0.07666015625,-0.994873046875,0.133056640625
2916,0.07666015625,-0.994873046875,0.133056640625
2917,0.06494140625,-0.996337890625,0.146240234375
2918,0.068359375,-0.997802734375,0.13525390625
2919,0.072021484375,-1.00244140625,0.1396484375
2920,0.06982421875,-0.997314453125,0.134521484375
2921,0.072265625,-0.999267578125,0.136962890625
2922,0.065673828125,-1.00048828125,0.140869140625
2923,0.0673828125,-0.997802734375,0.136962890625
2924,0.072509765625,-0.9951171875,0.13525390625
2925,0.0703125,-0.992919921875,0.142578125
2926,0.0693359375,-0.994140625,0.138427734375
2927,0.065673828125,-0.9990234375,0.14013671875
2928,0.064453125,-1.002197265625,0.1474609375
2929,0.070068359375,-0.998779296875,0.145263671875
2930,0.074462890625,-0.997802734375,0.14404296875
2931,0.068115234375,-0.997314453125,0.13134765625
2932,0.07177734375,-0.994873046875,0.13330078125
2933,0.071533203125,-0.99609375,0.139404296875
2934,0.065673828125,-0.993408203125,0.13818359375
2935,0.078125,-0.998291015625,0.14990234375
2936,0.073974609375,-1.001220703125,0.15185546875
2937,0.0625,-0.993408203125,0.117431640625
2938,0.072265625,-0.99853515625,0.1220703125
2939,0.073486328125,-0.99853515625,0.1259765625
2940,0.0693359375,-1.006103515625,0.130859375
2941,0.077392578125,-1.005859375,0.1435546875
2942,0.070068359375,-0.998291015625,0.135986328125
2943,0.070068359375,-0.998291015625,0.135986328125
2944,0.0673828125,-1.002197265625,0.140625
2945,0.07373046875,-1.00244140625,0.143798828125
2946,0.06640625,-0.996826171875,0.134765625
2947,0.06884765625,-0.99609375,0.132568359375
2948,0.07275390625,-1.003173828125,0.148193359375
2949,0.070068359375,-0.9990234375,0.153564453125
2950,0.068115234375,-0.994873046875,0.149658203125
2951,0.06591796875,-0.9951171875,0.157470703125
2952,0.07177734375,-0.99267578125,0.15185546875
2953,0.068359375,-0.999267578125,0.1484375
2954,0.064697265625,-0.998046875,0.149169921875
2955,0.071533203125,-0.998046875,0.138427734375
2956,0.072265625,-1.0029296875,0.144775390625
2957,0.06884765625,-0.987060546875,0.125
2958,0.070556640625,-0.9970703125,0.139404296875
2959,0.071533203125,-1.002685546875,0.142578125
2960,0.07080078125,-0.9931640625,0.124267578125
2961,0.075439453125,-1.00048828125,0.140869140625
2962,0.071044921875,-0.998291015625,0.132080078125
2963,0.064453125,-1.005859375,0.145751953125
2964,0.0703125,-1.00341796875,0.1474609375
2965,0.068603515625,-0.996337890625,0.142578125
2966,0.06787109375,-0.995361328125,0.1494140625
2967,0.07275390625,-0.98876953125,0.13427734375
2968,0.065185546875,-0.99560546875,0.14404296875
2969,0.0615234375,-0.99462890625,0.14990234375
2970,0.070556640625,-0.9921875,0.1494140625
2971,0.070556640625,-0.9921875,0.1494140625
2972,0.07275390625,-1.000244140625,0.1552734375
2973,0.067138671875,-0.995849609375,0.143798828125
2974,0.070556640625,-0.990478515625,0.134521484375
2975,0.062744140625,-0.9951171875,0.13232421875
2976,0.06689453125,-0.998046875,0.142578125
2977,0.08154296875,-0.996337890625,0.1494140625
2978,0.07275390625,-0.996337890625,0.144287109375
2979,0.06982421875,-0.99609375,0.138427734375
2980,0.076416015625,-0.990966796875,0.119384765625
2981,0.06689453125,-1.0009765625,0.134033203125
2982,0.069091796875,-1.003662109375,0.15087890625
2983,0.079345703125,-0.99365234375,0.140625
2984,0.0703125,-0.994384765625,0.137939453125
2985,0.072509765625,-0.994140625,0.129150390625
2986,0.0712890625,-0.998779296875,0.140380859375
2987,0.0615234375,-1.00244140625,0.153564453125
2988,0.074462890625,-0.998291015625,0.150146484375
2989,0.0732421875,-0.993408203125,0.149658203125
2990,0.060791015625,-0.989501953125,0.1376953125
2991,0.072998046875,-0.994384765625,0.14013671875
2992,0.07177734375,-0.99365234375,0.14453125
2993,0.06689453125,-0.994873046875,0.146728515625
2994,0.076416015625,-1.001220703125,0.15283203125
2995,0.06982421875,-0.995849609375,0.125732421875
2996,0.069091796875,-0.997802734375,0.130859375
2997,0.076904296875,-0.999755859375,0.145263671875
2998,0.076904296875,-0.999755859375,0.145263671875
2999,0.06787109375,-0.998046875,0.1279296875
3000,0.068115234375,-0.997314453125,0.134765625
3001,0.07666015625,-0.99658203125,0.130859375
3002,0.066162109375,-0.9990234375,0.125244140625
3003,0.063720703125,-1.006591796875,0.1455078125
3004,0.074951171875,-1.0048828125,0.15234375
3005,0.068603515625,-0.994384765625,0.14404296875
3006,0.062744140625,-0.99853515625,0.141357421875
3007,0.0703125,-1.00146484375,0.156982421875
3008,0.066162109375,-0.995849609375,0.15771484375
3009,0.068115234375,-0.997314453125,0.151123046875
3010,0.073486328125,-0.99462890625,0.1484375
3011,0.0673828125,-0.99951171875,0.143798828125
3012,0.066162109375,-0.998046875,0.138916015625
3013,0.0693359375,-0.996826171875,0.150634765625
3014,0.070556640625,-0.998046875,0.14697265625
3015,0.063232421875,-0.99560546875,0.12890625
3016,0.06591796875,-0.99853515625,0.138427734375
3017,0.07373046875,-0.997314453125,0.140869140625
3018,0.07470703125,-1.000244140625,0.14453125
3019,0.07177734375,-0.999755859375,0.148681640625
3020,0.06787109375,-0.998291015625,0.141357421875
3021,0.071533203125,-0.996826171875,0.128662109375
3022,0.068603515625,-1.001708984375,0.13427734375
3023,0.065673828125,-1.003662109375,0.146728515625
3024,0.072021484375,-1.0,0.151123046875
3025,0.072021484375,-1.0,0.151123046875
3026,0.07421875,-0.997802734375,0.143310546875
3027,0.070556640625,-0.990966796875,0.123779296875
3028,0.06982421875,-0.994873046875,0.135009765625
3029,0.067626953125,-0.99853515625,0.14892578125
3030,0.064697265625,-0.994873046875,0.15185546875
3031,0.06884765625,-0.99609375,0.153564453125
3032,0.06689453125,-0.9931640625,0.132080078125
3033,0.06396484375,-0.992431640625,0.1337890625
3034,0.07470703125,-0.99658203125,0.154541015625
3035,0.0771484375,-0.996337890625,0.15673828125
3036,0.068603515625,-0.994873046875,0.146240234375
3037,0.065673828125,-0.996826171875,0.141845703125
3038,0.068603515625,-0.997314453125,0.14306640625
3039,0.070556640625,-0.993408203125,0.130615234375
3040,0.065673828125,-0.994873046875,0.131103515625
3041,0.06640625,-1.0,0.136962890625
3042,0.0712890625,-0.999267578125,0.129150390625
3043,0.07177734375,-0.997314453125,0.123291015625
3044,0.071044921875,-1.004150390625,0.141845703125
3045,0.070556640625,-1.007568359375,0.1552734375
3046,0.068115234375,-1.00341796875,0.136962890625
3047,0.06884765625,-1.00390625,0.139404296875
3048,0.067138671875,-0.999267578125,0.142333984375
3049,0.0654296875,-0.99365234375,0.13916015625
3050,0.07275390625,-0.997314453125,0.161376953125
3051,0.073486328125,-0.993408203125,0.15673828125
3052,0.073486328125,-0.993408203125,0.15673828125
3053,0.07080078125,-0.990966796875,0.12841796875
3054,0.069091796875,-0.997314453125,0.14208984375
3055,0.067626953125,-0.9970703125,0.158203125
3056,0.071533203125,-1.000732421875,0.163330078125
3057,0.06884765625,-0.999755859375,0.152099609375
3058,0.0673828125,-0.996826171875,0.12890625
3059,0.065673828125,-1.0,0.134033203125
3060,0.064208984375,-1.001220703125,0.147705078125
3061,0.0703125,-0.99560546875,0.149169921875
3062,0.07080078125,-0.99072265625,0.132080078125
3063,0.07177734375,-0.996826171875,0.128173828125
3064,0.072998046875,-1.00244140625,0.145751953125
3065,0.072509765625,-0.99755859375,0.14453125
3066,0.068115234375,-0.999755859375,0.1435546875
3067,0.07421875,-1.0,0.142822265625
3068,0.07861328125,-0.99462890625,0.130615234375
3069,0.07080078125,-0.998779296875,0.13330078125
3070,0.068603515625,-0.99951171875,0.145263671875
3071,0.071044921875,-0.99658203125,0.14990234375
3072,0.0654296875,-0.99462890625,0.1416015625
3073,0.06201171875,-0.995361328125,0.13720703125
3074,0.066650390625,-0.998046875,0.136962890625
3075,0.06640625,-1.004638671875,0.1611328125
3076,0.07275390625,-0.99951171875,0.16455078125
3077,0.078125,-0.990966796875,0.1318359375
3078,0.065185546875,-0.995361328125,0.12939453125
3079,0.065673828125,-0.995849609375,0.141845703125
3080,0.065673828125,-0.995849609375,0.141845703125
3081,0.07666015625,-0.994384765625,0.14013671875
3082,0.071533203125,-0.998046875,0.137939453125
3083,0.072998046875,-0.999267578125,0.14111328125
3084,0.07470703125,-0.99853515625,0.1474609375
3085,0.0732421875,-0.99462890625,0.131103515625
3086,0.072509765625,-0.998046875,0.134033203125
3087,0.0712890625,-1.00244140625,0.15478515625
3088,0.072021484375,-0.99462890625,0.1328125
3089,0.071533203125,-0.994384765625,0.123291015625
3090,0.065185546875,-1.0048828125,0.14453125
3091,0.0673828125,-1.005859375,0.1630859375
3092,0.0791015625,-0.9912109375,0.158203125
3093,0.074462890625,-0.98681640625,0.138427734375
3094,0.06494140625,-0.997802734375,0.12841796875
3095,0.06884765625,-1.005859375,0.147216796875
3096,0.071044921875,-0.99609375,0.146484375
3097,0.067138671875,-0.99755859375,0.135498046875
3098,0.0712890625,-1.003173828125,0.138916015625
3099,0.068115234375,-0.99267578125,0.133056640625
3100,0.067626953125,-0.99072265625,0.13427734375
3101,0.076416015625,-0.998291015625,0.141357421875
3102,0.072021484375,-0.999267578125,0.146728515625
3103,0.068603515625,-0.9990234375,0.142333984375
3104,0.0751953125,-1.003662109375,0.13720703125
3105,0.075439453125,-1.002197265625,0.13330078125
3106,0.069580078125,-1.003173828125,0.1337890625
3107,0.069580078125,-1.003173828125,0.1337890625
3108,0.07275390625,-1.000732421875,0.141357421875
3109,0.07470703125,-0.997802734375,0.143798828125
3110,0.0703125,-0.99755859375,0.136474609375
3111,0.065673828125,-0.99853515625,0.140869140625
3112,0.06884765625,-1.0048828125,0.16015625
3113,0.072021484375,-0.9990234375,0.163818359375
3114,0.0693359375,-0.990966796875,0.139892578125
3115,0.072509765625,-0.994873046875,0.138916015625
3116,0.07080078125,-0.9990234375,0.161865234375
3117,0.070556640625,-0.996337890625,0.15673828125
3118,0.07177734375,-0.99365234375,0.13671875
3119,0.069091796875,-0.9970703125,0.142578125
3120,0.07568359375,-0.995361328125,0.1484375
3121,0.0712890625,-0.99365234375,0.12646484375
3122,0.061767578125,-0.99951171875,0.127197265625
3123,0.068603515625,-1.000732421875,0.133056640625
3124,0.073486328125,-0.998779296875,0.130859375
3125,0.072509765625,-0.998291015625,0.131591796875
3126,0.075439453125,-0.999755859375,0.12890625
3127,0.064697265625,-0.998291015625,0.128662109375
3128,0.065185546875,-1.00048828125,0.1376953125
3129,0.07470703125,-1.000244140625,0.140869140625
3130,0.0625,-0.990966796875,0.134521484375
3131,0.069091796875,-1.0,0.15380859375
3132,0.077880859375,-1.003173828125,0.163818359375
3133,0.077880859375,-1.003173828125,0.163818359375
3134,0.064697265625,-0.989013671875,0.142333984375
3135,0.068359375,-0.990478515625,0.13818359375
3136,0.076904296875,-0.997314453125,0.1484375
3137,0.067626953125,-0.988037109375,0.131591796875
3138,0.063232421875,-0.991943359375,0.138916015625
3139,0.0703125,-0.993896484375,0.14501953125
3140,0.076171875,-0.9951171875,0.1416015625
3141,0.06884765625,-1.00146484375,0.144775390625
3142,0.067626953125,-1.002685546875,0.1396484375
3143,0.076416015625,-1.00341796875,0.137939453125
3144,0.0732421875,-0.9951171875,0.134033203125
3145,0.07763671875,-0.987548828125,0.131103515625
3146,0.087646484375,-0.988037109375,0.124755859375
3147,0.074462890625,-0.993896484375,0.120849609375
3148,0.064453125,-1.002197265625,0.130615234375
3149,0.074951171875,-1.00732421875,0.14404296875
3150,0.07421875,-0.996337890625,0.146728515625
3151,0.067138671875,-0.989501953125,0.140869140625
3152,0.061767578125,-0.9951171875,0.14697265625
3153,0.0625,-1.004150390625,0.1630859375
3154,0.068359375,-1.0068359375,0.15478515625
3155,0.062255859375,-1.004638671875,0.167236328125
3156,0.06787109375,-0.99169921875,0.176513671875
3157,0.0732421875,-0.984130859375,0.165283203125
3158,0.06103515625,-0.997802734375,0.157470703125
3159,0.064208984375,-1.00341796875,0.157470703125
3160,0.064208984375,-1.00341796875,0.157470703125
3161,0.07958984375,-0.994140625,0.156982421875
3162,0.07861328125,-0.986328125,0.13818359375
3163,0.076904296875,-0.9931640625,0.12158203125
3164,0.073974609375,-1.011962890625,0.111083984375
3165,0.06396484375,-1.012451171875,0.10400390625
3166,0.07373046875,-1.000732421875,0.114990234375
3167,0.08837890625,-0.993408203125,0.1337890625
3168,0.076904296875,-0.993896484375,0.1435546875
3169,0.072265625,-0.999755859375,0.13671875
3170,0.078857421875,-1.001953125,0.128173828125
3171,0.0634765625,-0.9951171875,0.125
3172,0.062255859375,-0.991943359375,0.1396484375
3173,0.073974609375,-0.998046875,0.168701171875
3174,0.07080078125,-1.00439453125,0.171875
3175,0.066650390625,-1.00341796875,0.153076171875
3176,0.073486328125,-0.98779296875,0.13525390625
3177,0.064697265625,-0.988037109375,0.1318359375
3178,0.0595703125,-1.003662109375,0.154296875
3179,0.073974609375,-1.007080078125,0.170654296875
3180,0.064697265625,-0.994873046875,0.1513671875
3181,0.06396484375,-0.9931640625,0.150390625
3182,0.07666015625,-0.994384765625,0.15478515625
3183,0.070556640625,-0.988037109375,0.144287109375
3184,0.066162109375,-0.996337890625,0.15771484375
3185,0.06787109375,-1.0068359375,0.168212890625
3186,0.074462890625,-1.001220703125,0.143310546875
3187,0.07763671875,-0.99609375,0.115234375
3188,0.07763671875,-0.99609375,0.115234375
3189,0.073486328125,-0.99560546875,0.10400390625
3190,0.0703125,-0.998291015625,0.10302734375
3191,0.07177734375,-1.001953125,0.112060546875
3192,0.07275390625,-1.001953125,0.1396484375
3193,0.068603515625,-1.0,0.15576171875
3194,0.06884765625,-0.99951171875,0.15625
3195,0.069580078125,-1.000244140625,0.16650390625
3196,0.064697265625,-1.00048828125,0.16259765625
3197,0.060791015625,-1.00146484375,0.16064453125
3198,0.0546875,-0.99365234375,0.164794921875
3199,0.0576171875,-0.991943359375,0.173583984375
3200,0.067626953125,-0.9951171875,0.177001953125
3201,0.06689453125,-0.9892578125,0.16845703125
3202,0.06982421875,-0.9833984375,0.148193359375
3203,0.072998046875,-0.996337890625,0.150146484375
3204,0.065673828125,-1.002685546875,0.158203125
3205,0.070556640625,-0.991455078125,0.135009765625
3206,0.07861328125,-0.995849609375,0.136962890625
3207,0.074462890625,-1.0048828125,0.136474609375
3208,0.072021484375,-1.00390625,0.132080078125
3209,0.0732421875,-0.999267578125,0.130126953125
3210,0.072998046875,-1.00244140625,0.1083984375
3211,0.067138671875,-1.00048828125,0.08251953125
3212,0.067626953125,-1.0009765625,0.09423828125
3213,0.07666015625,-1.00439453125,0.117431640625
3214,0.078369140625,-1.009765625,0.13232421875
3215,0.078369140625,-1.009765625,0.13232421875
3216,0.07470703125,-1.00537109375,0.1328125
3217,0.082275390625,-0.995361328125,0.1181640625
3218,0.07958984375,-1.001708984375,0.119873046875
3219,0.0673828125,-0.998046875,0.116943359375
3220,0.069580078125,-0.990966796875,0.12109375
3221,0.068115234375,-0.982421875,0.1259765625
3222,0.06640625,-0.987060546875,0.1435546875
3223,0.0693359375,-0.98876953125,0.137939453125
3224,0.0634765625,-0.99072265625,0.137939453125
3225,0.064697265625,-0.995361328125,0.154296875
3226,0.0693359375,-0.996337890625,0.151611328125
3227,0.065185546875,-1.000732421875,0.166748046875
3228,0.065673828125,-0.9990234375,0.1689453125
3229,0.0673828125,-1.008056640625,0.17041015625
3230,0.066650390625,-1.00390625,0.1484375
3231,0.068359375,-0.99072265625,0.115234375
3232,0.07177734375,-0.999267578125,0.12939453125
3233,0.0654296875,-1.010009765625,0.13916015625
3234,0.06787109375,-1.006591796875,0.135009765625
3235,0.076171875,-1.010009765625,0.145751953125
3236,0.068115234375,-1.012451171875,0.1376953125
3237,0.0703125,-1.009033203125,0.14208984375
3238,0.072509765625,-1.006103515625,0.154052734375
3239,0.069580078125,-0.997314453125,0.152099609375
3240,0.076416015625,-0.996337890625,0.154296875
3241,0.076416015625,-0.996337890625,0.154296875
3242,0.07666015625,-0.99365234375,0.1396484375
3243,0.0712890625,-0.992431640625,0.141845703125
3244,0.073974609375,-0.99169921875,0.14208984375
3245,0.07568359375,-0.989013671875,0.129638671875
3246,0.06982421875,-0.980224609375,0.106689453125
3247,0.070556640625,-0.979248046875,0.096435546875
3248,0.072509765625,-0.994873046875,0.11767578125
3249,0.0732421875,-1.0,0.138671875
3250,0.075927734375,-0.996337890625,0.14013671875
3251,0.066650390625,-0.999267578125,0.142578125
3252,0.064453125,-1.0,0.154052734375
3253,0.07080078125,-0.993896484375,0.1572265625
3254,0.06689453125,-0.99560546875,0.1572265625
3255,0.064208984375,-0.999267578125,0.15087890625
3256,0.068603515625,-1.002685546875,0.153076171875
3257,0.06591796875,-1.0,0.14013671875
3258,0.0634765625,-0.998291015625,0.1298828125
3259,0.06494140625,-1.002197265625,0.13720703125
3260,0.059326171875,-1.005615234375,0.152099609375
3261,0.06494140625,-1.0029296875,0.16357421875
3262,0.0732421875,-1.00146484375,0.169677734375
3263,0.067626953125,-1.00341796875,0.163330078125
3264,0.065185546875,-0.9990234375,0.150146484375
3265,0.06982421875,-0.995361328125,0.154541015625
3266,0.07177734375,-0.993408203125,0.1552734375
3267,0.07568359375,-0.993408203125,0.15087890625
3268,0.076171875,-0.99560546875,0.145751953125
3269,0.076171875,-0.99560546875,0.145751953125
3270,0.07275390625,-0.99755859375,0.138671875
3271,0.073974609375,-1.000732421875,0.129638671875
3272,0.075439453125,-1.0029296875,0.13134765625
3273,0.07275390625,-0.995361328125,0.128662109375
3274,0.068359375,-0.99609375,0.139404296875
3275,0.072021484375,-0.997314453125,0.14990234375
3276,0.07421875,-0.99560546875,0.142822265625
3277,0.070556640625,-0.999755859375,0.146484375
3278,0.06787109375,-0.99755859375,0.14404296875
3279,0.0673828125,-0.99609375,0.134765625
3280,0.067138671875,-1.00048828125,0.13232421875
3281,0.06787109375,-1.000244140625,0.1357421875
3282,0.06982421875,-0.9951171875,0.12744140625
3283,0.0712890625,-0.99755859375,0.134765625
3284,0.07177734375,-0.997802734375,0.14697265625
3285,0.071044921875,-0.998779296875,0.14990234375
3286,0.06982421875,-1.000244140625,0.152099609375
3287,0.0673828125,-1.0,0.141845703125
3288,0.0654296875,-0.99853515625,0.13623046875
3289,0.0673828125,-0.991455078125,0.128173828125
3290,0.069091796875,-0.989990234375,0.115966796875
3291,0.069091796875,-1.0,0.1298828125
3292,0.072021484375,-1.008056640625,0.148193359375
3293,0.07080078125,-1.004150390625,0.14501953125
3294,0.072021484375,-0.998046875,0.150390625
3295,0.072021484375,-0.998046875,0.150390625
3296,0.076171875,-0.9921875,0.1484375
3297,0.076171875,-0.9912109375,0.136474609375
3298,0.074462890625,-0.992431640625,0.133544921875
3299,0.07177734375,-0.99609375,0.13916015625
3300,0.0693359375,-0.999755859375,0.155029296875
3301,0.064453125,-0.9970703125,0.15869140625
3302,0.064208984375,-0.996337890625,0.150390625
3303,0.068359375,-0.996826171875,0.14501953125
3304,0.06689453125,-0.99951171875,0.14501953125
3305,0.06494140625,-0.99560546875,0.14404296875
3306,0.067138671875,-0.99658203125,0.15234375
3307,0.069580078125,-0.999755859375,0.15234375
3308,0.06884765625,-1.0009765625,0.155029296875
3309,0.066162109375,-1.002197265625,0.151123046875
3310,0.065185546875,-1.00244140625,0.14306640625
3311,0.0615234375,-1.004638671875,0.147705078125
3312,0.06103515625,-0.9990234375,0.13671875
3313,0.066650390625,-0.99560546875,0.123291015625
3314,0.07666015625,-0.997314453125,0.1201171875
3315,0.08251953125,-1.00048828125,0.124267578125
3316,0.08544921875,-1.001220703125,0.123291015625
3317,0.090087890625,-0.9970703125,0.116943359375
3318,0.09423828125,-0.990234375,0.119873046875
3319,0.09521484375,-0.982666015625,0.12451171875
3320,0.091064453125,-0.97607421875,0.12890625
3321,0.087890625,-0.9775390625,0.144775390625
3322,0.087890625,-0.9775390625,0.144775390625
3323,0.08251953125,-0.984619140625,0.149658203125
3324,0.076171875,-0.98876953125,0.13720703125
3325,0.07421875,-0.990478515625,0.121826171875
3326,0.07568359375,-0.99169921875,0.10546875
3327,0.077880859375,-0.994140625,0.102783203125
3328,0.076416015625,-1.000732421875,0.120849609375
3329,0.07275390625,-1.00439453125,0.134521484375
3330,0.067626953125,-1.005126953125,0.146484375
3331,0.06005859375,-1.00390625,0.15087890625
3332,0.05126953125,-1.001220703125,0.145263671875
3333,0.04150390625,-1.005126953125,0.14697265625
3334,0.0390625,-1.008544921875,0.142822265625
3335,0.040771484375,-1.010009765625,0.142578125
3336,0.03857421875,-1.014892578125,0.154296875
3337,0.044677734375,-1.015869140625,0.160400390625
3338,0.054931640625,-1.00732421875,0.158447265625
3339,0.06103515625,-0.999267578125,0.1591796875
3340,0.066650390625,-0.99462890625,0.162109375
3341,0.064453125,-0.994873046875,0.165283203125
3342,0.061279296875,-1.001708984375,0.16455078125
3343,0.06103515625,-1.00439453125,0.14990234375
3344,0.065185546875,-1.001220703125,0.14208984375
3345,0.066162109375,-0.99951171875,0.143310546875
3346,0.064697265625,-0.9951171875,0.135009765625
3347,0.06884765625,-0.9892578125,0.135986328125
3348,0.069580078125,-0.983642578125,0.142578125
3349,0.06982421875,-0.98388671875,0.14306640625
3350,0.070068359375,-0.992919921875,0.1474609375
3351,0.070068359375,-0.992919921875,0.1474609375
3352,0.064208984375,-0.99853515625,0.14599609375
3353,0.059326171875,-1.003662109375,0.146240234375
3354,0.060546875,-1.00537109375,0.1396484375
3355,0.06591796875,-1.00830078125,0.13037109375
3356,0.07080078125,-1.009521484375,0.134521484375
3357,0.0712890625,-1.001708984375,0.1259765625
3358,0.07470703125,-0.99755859375,0.11669921875
3359,0.078369140625,-1.0,0.1328125
3360,0.08056640625,-1.003173828125,0.1435546875
3361,0.084228515625,-0.997314453125,0.140625
3362,0.083740234375,-0.9853515625,0.13916015625
3363,0.0830078125,-0.98095703125,0.142578125
3364,0.08056640625,-0.986572265625,0.150634765625
3365,0.074462890625,-0.989990234375,0.158935546875
3366,0.072998046875,-0.9912109375,0.158935546875
3367,0.07470703125,-0.9921875,0.148681640625
3368,0.075927734375,-0.99072265625,0.1396484375
3369,0.0791015625,-0.984619140625,0.125732421875
3370,0.076171875,-0.98095703125,0.12451171875
3371,0.070556640625,-0.986572265625,0.135986328125
3372,0.06591796875,-0.99560546875,0.144287109375
3373,0.0625,-1.009521484375,0.1513671875
3374,0.064697265625,-1.015869140625,0.140380859375
3375,0.06640625,-1.0146484375,0.141357421875
3376,0.06884765625,-1.010986328125,0.1513671875
3377,0.069091796875,-1.0029296875,0.15087890625
3378,0.069091796875,-1.0029296875,0.15087890625
3379,0.06787109375,-0.9970703125,0.154052734375
3380,0.0693359375,-0.994384765625,0.15185546875
3381,0.072021484375,-0.99609375,0.15185546875
3382,0.0712890625,-0.998779296875,0.148681640625
3383,0.07275390625,-0.998046875,0.13720703125
3384,0.07421875,-0.998291015625,0.13232421875
3385,0.071533203125,-0.997802734375,0.12548828125
3386,0.06689453125,-0.994384765625,0.11865234375
3387,0.06201171875,-0.991943359375,0.123046875
3388,0.061279296875,-0.9951171875,0.13330078125
3389,0.061767578125,-0.999755859375,0.137939453125
3390,0.060546875,-1.0,0.129638671875
3391,0.058349609375,-1.002685546875,0.122802734375
3392,0.06494140625,-1.001220703125,0.119873046875
3393,0.068359375,-0.99951171875,0.122802734375
3394,0.06396484375,-0.99951171875,0.12939453125
3395,0.063720703125,-0.997314453125,0.136474609375
3396,0.064697265625,-1.0009765625,0.146484375
3397,0.064453125,-1.000732421875,0.143310546875
3398,0.065673828125,-0.997314453125,0.139892578125
3399,0.065673828125,-1.00146484375,0.131591796875
3400,0.0615234375,-1.007568359375,0.128662109375
3401,0.0673828125,-1.010986328125,0.13720703125
3402,0.076171875,-1.0107421875,0.137451171875
3403,0.0732421875,-1.0029296875,0.141845703125
3404,0.0732421875,-1.0029296875,0.141845703125
3405,0.071044921875,-0.99267578125,0.14453125
3406,0.076416015625,-0.986572265625,0.142822265625
3407,0.075439453125,-0.988037109375,0.1572265625
3408,0.068359375,-0.994384765625,0.16796875
3409,0.06640625,-0.998291015625,0.15966796875
3410,0.06982421875,-1.004638671875,0.146728515625
3411,0.073486328125,-1.00048828125,0.132080078125
3412,0.0751953125,-0.9912109375,0.133056640625
3413,0.07421875,-0.991943359375,0.13623046875
3414,0.073486328125,-0.989990234375,0.135498046875
3415,0.074951171875,-0.9931640625,0.144775390625
3416,0.069580078125,-0.9990234375,0.149658203125
3417,0.067626953125,-1.0029296875,0.1455078125
3418,0.07421875,-1.005615234375,0.141845703125
3419,0.07421875,-1.00439453125,0.1396484375
3420,0.073486328125,-1.000244140625,0.13623046875
3421,0.074951171875,-0.994873046875,0.139892578125
3422,0.072509765625,-0.994873046875,0.150634765625
3423,0.071533203125,-0.9970703125,0.153076171875
3424,0.072998046875,-0.99951171875,0.1591796875
3425,0.07568359375,-0.99560546875,0.1552734375
3426,0.07763671875,-0.99267578125,0.13671875
3427,0.077392578125,-0.99609375,0.128662109375
3428,0.07763671875,-0.989990234375,0.12548828125
3429,0.077392578125,-0.989501953125,0.12744140625
3430,0.077392578125,-0.989501953125,0.12744140625
3431,0.075439453125,-0.994873046875,0.12890625
3432,0.07470703125,-1.00048828125,0.14208984375
3433,0.068359375,-1.006591796875,0.148193359375
3434,0.06396484375,-1.004638671875,0.1337890625
3435,0.070068359375,-1.00244140625,0.134765625
3436,0.07080078125,-0.998291015625,0.13427734375
3437,0.065185546875,-0.99609375,0.14013671875
3438,0.06591796875,-1.00341796875,0.1611328125
3439,0.06689453125,-1.0048828125,0.171142578125
3440,0.06298828125,-1.00048828125,0.16650390625
3441,0.0615234375,-0.995849609375,0.15478515625
3442,0.067138671875,-0.9951171875,0.146728515625
3443,0.069091796875,-0.99658203125,0.13134765625
3444,0.066162109375,-0.996337890625,0.126708984375
3445,0.069091796875,-0.994140625,0.13916015625
3446,0.072265625,-0.994140625,0.1455078125
3447,0.071533203125,-0.992431640625,0.148681640625
3448,0.07275390625,-0.989013671875,0.149169921875
3449,0.070556640625,-0.99560546875,0.1474609375
3450,0.0625,-1.0029296875,0.149169921875
3451,0.060302734375,-1.004638671875,0.140625
3452,0.063720703125,-1.005615234375,0.14453125
3453,0.0595703125,-1.00390625,0.1552734375
3454,0.05810546875,-0.99462890625,0.1416015625
3455,0.064697265625,-0.9931640625,0.14306640625
3456,0.061767578125,-0.991455078125,0.135009765625
3457,0.061767578125,-0.991455078125,0.135009765625
3458,0.058837890625,-0.9912109375,0.128662109375
3459,0.058837890625,-0.99560546875,0.13330078125
3460,0.0595703125,-1.001220703125,0.13232421875
3461,0.059814453125,-1.0068359375,0.136474609375
3462,0.055908203125,-1.00830078125,0.129638671875
3463,0.05517578125,-1.0107421875,0.13427734375
3464,0.06201171875,-1.008544921875,0.132568359375
3465,0.0703125,-1.00537109375,0.125
3466,0.073486328125,-0.996826171875,0.122802734375
3467,0.077392578125,-0.9951171875,0.119873046875
3468,0.07763671875,-1.00244140625,0.14306640625
3469,0.076416015625,-0.99609375,0.146484375
3470,0.078857421875,-0.991943359375,0.13818359375
3471,0.079345703125,-0.989501953125,0.151123046875
3472,0.07763671875,-0.980712890625,0.14208984375
3473,0.07861328125,-0.987060546875,0.1484375
3474,0.085205078125,-0.994873046875,0.14599609375
3475,0.086181640625,-0.994384765625,0.137451171875
3476,0.08349609375,-0.99365234375,0.151611328125
3477,0.083984375,-0.9951171875,0.14990234375
3478,0.083251953125,-0.99365234375,0.149658203125
3479,0.081298828125,-0.982666015625,0.141845703125
3480,0.0791015625,-0.984375,0.14501953125
3481,0.076904296875,-0.990966796875,0.14794921875
3482,0.075927734375,-0.994873046875,0.150390625
3483,0.075927734375,-0.999267578125,0.157958984375
3484,0.07470703125,-0.991455078125,0.134521484375
3485,0.07470703125,-0.991455078125,0.134521484375
3486,0.075439453125,-0.990478515625,0.132568359375
3487,0.07568359375,-0.99267578125,0.139892578125
3488,0.077392578125,-0.99462890625,0.150390625
3489,0.072998046875,-1.0,0.158447265625
3490,0.077880859375,-0.99658203125,0.14453125
3491,0.080322265625,-0.996337890625,0.136962890625
3492,0.074462890625,-0.99462890625,0.123046875
3493,0.072998046875,-0.99658203125,0.122802734375
3494,0.0654296875,-1.001708984375,0.126953125
3495,0.0634765625,-1.001708984375,0.132568359375
3496,0.063720703125,-1.00146484375,0.144775390625
3497,0.0693359375,-0.997802734375,0.14794921875
3498,0.06982421875,-0.996337890625,0.15673828125
3499,0.06689453125,-0.99951171875,0.15576171875
3500,0.06494140625,-1.001708984375,0.144287109375
3501,0.0673828125,-1.002685546875,0.151123046875
3502,0.068115234375,-1.005615234375,0.14501953125
3503,0.060791015625,-1.00390625,0.129638671875
3504,0.059814453125,-1.006103515625,0.139892578125
3505,0.058349609375,-1.00390625,0.13916015625
3506,0.0576171875,-1.0,0.135986328125
3507,0.058349609375,-1.004150390625,0.139892578125
3508,0.0625,-1.003173828125,0.134765625
3509,0.062255859375,-1.001708984375,0.14013671875
3510,0.0615234375,-0.996337890625,0.1357421875
3511,0.062255859375,-0.99560546875,0.14013671875
3512,0.062255859375,-0.99560546875,0.14013671875
3513,0.061767578125,-1.0009765625,0.15771484375
3514,0.06201171875,-1.0009765625,0.16015625
3515,0.061767578125,-0.999755859375,0.14501953125
3516,0.064697265625,-0.997802734375,0.127685546875
3517,0.066650390625,-1.00048828125,0.135009765625
3518,0.0703125,-0.998291015625,0.137939453125
3519,0.073486328125,-0.99609375,0.142333984375
3520,0.074951171875,-0.9951171875,0.15087890625
3521,0.071533203125,-0.99609375,0.14892578125
3522,0.071533203125,-1.0,0.150634765625
3523,0.072998046875,-0.99853515625,0.152099609375
3524,0.0732421875,-0.9951171875,0.156005859375
3525,0.072265625,-0.990966796875,0.1533203125
3526,0.072265625,-0.9951171875,0.147705078125
3527,0.077392578125,-1.000732421875,0.14990234375
3528,0.07666015625,-0.99853515625,0.146484375
3529,0.0810546875,-0.9912109375,0.137939453125
3530,0.086669921875,-0.9931640625,0.1376953125
3531,0.085693359375,-0.98974609375,0.135986328125
3532,0.0810546875,-0.98779296875,0.139404296875
3533,0.0791015625,-0.990478515625,0.13525390625
3534,0.0771484375,-0.991943359375,0.137451171875
3535,0.072265625,-0.993896484375,0.13330078125
3536,0.072021484375,-0.99755859375,0.124755859375
3537,0.0732421875,-0.999755859375,0.13134765625
3538,0.0732421875,-0.999755859375,0.13134765625
3539,0.072509765625,-0.9951171875,0.122802734375
3540,0.068603515625,-0.99755859375,0.13671875
3541,0.0712890625,-1.000732421875,0.14990234375
3542,0.072998046875,-1.004150390625,0.143310546875
3543,0.069091796875,-1.0009765625,0.134765625
3544,0.071044921875,-1.0,0.137451171875
3545,0.070556640625,-1.000244140625,0.142578125
3546,0.06689453125,-0.99267578125,0.14013671875
3547,0.0673828125,-0.999267578125,0.1435546875
3548,0.063720703125,-1.005126953125,0.14892578125
3549,0.066162109375,-1.001708984375,0.149169921875
3550,0.0703125,-0.996826171875,0.14794921875
3551,0.0693359375,-0.992431640625,0.1494140625
3552,0.070068359375,-0.990966796875,0.142578125
3553,0.0673828125,-0.989501953125,0.14404296875
3554,0.06396484375,-0.99267578125,0.13818359375
3555,0.0625,-0.99658203125,0.13427734375
3556,0.060791015625,-1.0048828125,0.146728515625
3557,0.058349609375,-1.00390625,0.134521484375
3558,0.0615234375,-1.003173828125,0.128662109375
3559,0.059814453125,-1.004150390625,0.13623046875
3560,0.06103515625,-1.007080078125,0.141357421875
3561,0.059814453125,-1.0078125,0.145263671875
3562,0.06005859375,-1.00048828125,0.14453125
3563,0.06591796875,-1.00341796875,0.148681640625
3564,0.069091796875,-1.004150390625,0.150390625
3565,0.070556640625,-0.996826171875,0.14013671875
3566,0.07080078125,-0.998046875,0.137451171875
3567,0.06982421875,-1.0,0.13818359375
3568,0.066650390625,-0.99755859375,0.1376953125
3569,0.066650390625,-0.99755859375,0.1376953125
3570,0.070068359375,-1.002197265625,0.14697265625
3571,0.072021484375,-1.00341796875,0.14697265625
3572,0.076904296875,-0.992919921875,0.13525390625
3573,0.078125,-0.983154296875,0.12841796875
3574,0.080078125,-0.98779296875,0.14013671875
3575,0.079345703125,-0.99072265625,0.1474609375
3576,0.072021484375,-0.992919921875,0.151611328125
3577,0.068115234375,-0.99609375,0.13818359375
3578,0.072509765625,-0.996337890625,0.1298828125
3579,0.078857421875,-0.99853515625,0.1376953125
3580,0.078125,-1.001220703125,0.13623046875
3581,0.073486328125,-0.9990234375,0.138671875
3582,0.073486328125,-0.999267578125,0.14697265625
3583,0.07763671875,-0.99609375,0.147705078125
3584,0.076904296875,-0.9931640625,0.145751953125
3585,0.074951171875,-0.992431640625,0.149658203125
3586,0.075927734375,-0.99169921875,0.152587890625
3587,0.076904296875,-0.996826171875,0.15283203125
3588,0.071533203125,-0.9990234375,0.154052734375
3589,0.07275390625,-0.99951171875,0.1494140625
3590,0.080810546875,-0.996337890625,0.135986328125
3591,0.07861328125,-0.995849609375,0.13427734375
3592,0.076904296875,-0.996337890625,0.13525390625
3593,0.073486328125,-0.9970703125,0.134521484375
3594,0.066650390625,-0.99609375,0.128662109375
3595,0.071044921875,-0.994140625,0.12841796875
3596,0.071044921875,-0.994140625,0.12841796875
3597,0.069580078125,-0.998291015625,0.138671875
3598,0.067626953125,-1.001708984375,0.133544921875
3599,0.06787109375,-0.99853515625,0.122802734375
3600,0.06494140625,-1.00048828125,0.1259765625
3601,0.064453125,-1.00439453125,0.136962890625
3602,0.066162109375,-1.006103515625,0.144287109375
3603,0.06396484375,-0.9990234375,0.133056640625
3604,0.059326171875,-0.99853515625,0.133544921875
3605,0.05810546875,-1.0009765625,0.141845703125
3606,0.06494140625,-0.996337890625,0.138916015625
3607,0.068115234375,-0.9990234375,0.157470703125
3608,0.0625,-1.003662109375,0.166259765625
3609,0.061279296875,-1.002197265625,0.147216796875
3610,0.0615234375,-1.00146484375,0.145751953125
3611,0.06201171875,-1.001220703125,0.14404296875
3612,0.06494140625,-0.998291015625,0.13330078125
3613,0.06884765625,-0.996337890625,0.126708984375
3614,0.072509765625,-0.990966796875,0.1279296875
3615,0.07275390625,-0.99072265625,0.1396484375
3616,0.06689453125,-0.991943359375,0.14794921875
3617,0.063232421875,-0.993408203125,0.1474609375
3618,0.064208984375,-1.001220703125,0.145263671875
3619,0.066162109375,-1.002685546875,0.13671875
3620,0.066650390625,-0.99951171875,0.134033203125
3621,0.065185546875,-1.001220703125,0.1435546875
3622,0.064453125,-1.00048828125,0.148193359375
3623,0.064453125,-1.00048828125,0.148193359375
3624,0.0634765625,-0.996337890625,0.147216796875
3625,0.064697265625,-0.9970703125,0.145751953125
3626,0.068603515625,-0.998046875,0.144287109375
3627,0.0712890625,-0.99951171875,0.144287109375
3628,0.0693359375,-0.996826171875,0.146240234375
3629,0.07177734375,-0.990234375,0.140625
3630,0.07421875,-0.9921875,0.140380859375
3631,0.07275390625,-0.9990234375,0.14599609375
3632,0.074951171875,-0.99853515625,0.14013671875
3633,0.07421875,-0.9951171875,0.13916015625
3634,0.076171875,-0.99267578125,0.134765625
3635,0.0771484375,-0.98876953125,0.133544921875
3636,0.074462890625,-0.98388671875,0.132080078125
3637,0.075927734375,-0.98193359375,0.134521484375
3638,0.0751953125,-0.98876953125,0.14697265625
3639,0.07421875,-1.0009765625,0.144287109375
3640,0.068115234375,-1.007080078125,0.13916015625
3641,0.0654296875,-1.001708984375,0.1376953125
3642,0.070068359375,-1.0009765625,0.140625
3643,0.072998046875,-1.0009765625,0.143310546875
3644,0.070556640625,-0.99658203125,0.1494140625
3645,0.066650390625,-0.997314453125,0.150634765625
3646,0.066162109375,-1.001220703125,0.146240234375
3647,0.06591796875,-1.003173828125,0.150146484375
3648,0.067626953125,-1.001953125,0.156005859375
3649,0.06689453125,-0.996826171875,0.15283203125
3650,0.06689453125,-0.996826171875,0.15283203125
3651,0.06787109375,-0.994140625,0.1455078125
3652,0.068115234375,-0.99267578125,0.141357421875
3653,0.0703125,-0.998291015625,0.146240234375
3654,0.0703125,-0.996826171875,0.146728515625
3655,0.071044921875,-0.98876953125,0.140625
3656,0.073486328125,-0.9951171875,0.150634765625
3657,0.0712890625,-0.99462890625,0.1416015625
3658,0.06591796875,-0.991943359375,0.13037109375
3659,0.062255859375,-0.997314453125,0.1376953125
3660,0.06396484375,-1.006591796875,0.145263671875
3661,0.063232421875,-1.0068359375,0.139892578125
3662,0.067138671875,-1.00048828125,0.13671875
3663,0.06640625,-0.99951171875,0.142822265625
3664,0.0634765625,-1.000732421875,0.14111328125
3665,0.063232421875,-1.003173828125,0.13134765625
3666,0.064453125,-1.004150390625,0.13037109375
3667,0.065185546875,-1.002685546875,0.14697265625
3668,0.060546875,-1.00048828125,0.150634765625
3669,0.064453125,-1.0,0.14013671875
3670,0.0693359375,-1.003662109375,0.14111328125
3671,0.068603515625,-0.99658203125,0.134033203125
3672,0.0693359375,-0.994384765625,0.139892578125
3673,0.071044921875,-0.998779296875,0.135986328125
3674,0.0712890625,-0.9951171875,0.126708984375
3675,0.072021484375,-0.99169921875,0.1328125
3676,0.07470703125,-0.98828125,0.13427734375
3677,0.07470703125,-0.98828125,0.13427734375
3678,0.075439453125,-0.9873046875,0.142822265625
3679,0.0712890625,-0.9892578125,0.142333984375
3680,0.066162109375,-0.99658203125,0.1474609375
3681,0.0703125,-1.000244140625,0.150634765625
3682,0.072265625,-1.0029296875,0.141357421875
3683,0.070556640625,-1.00341796875,0.134765625
3684,0.0751953125,-1.00439453125,0.148681640625
3685,0.0751953125,-1.00146484375,0.14697265625
3686,0.0712890625,-1.0029296875,0.1416015625
3687,0.072265625,-0.9990234375,0.142333984375
3688,0.074462890625,-0.998046875,0.140380859375
3689,0.074462890625,-1.00244140625,0.156005859375
3690,0.0751953125,-0.99755859375,0.158447265625
3691,0.074951171875,-0.993408203125,0.146484375
3692,0.072509765625,-0.994140625,0.14404296875
3693,0.0712890625,-0.9951171875,0.1484375
3694,0.076416015625,-0.992431640625,0.141357421875
3695,0.077880859375,-0.994873046875,0.1416015625
3696,0.080322265625,-0.989990234375,0.13818359375
3697,0.082763671875,-0.9892578125,0.129638671875
3698,0.0771484375,-0.99267578125,0.131103515625
3699,0.0693359375,-0.993896484375,0.125244140625
3700,0.064697265625,-0.995361328125,0.126708984375
3701,0.06689453125,-0.998291015625,0.12890625
3702,0.06787109375,-0.99755859375,0.125732421875
3703,0.067138671875,-0.998779296875,0.14208984375
3704,0.067138671875,-0.998779296875,0.14208984375
3705,0.068115234375,-1.0048828125,0.148193359375
3706,0.071044921875,-1.005859375,0.14501953125
3707,0.0673828125,-1.005859375,0.146484375
3708,0.06494140625,-1.001220703125,0.13623046875
3709,0.0654296875,-1.00048828125,0.13916015625
3710,0.065673828125,-1.001220703125,0.1396484375
3711,0.070068359375,-0.996337890625,0.1396484375
3712,0.0693359375,-0.9990234375,0.148193359375
3713,0.064697265625,-1.002685546875,0.141357421875
3714,0.06787109375,-0.998779296875,0.140869140625
3715,0.073486328125,-0.996826171875,0.138671875
3716,0.0712890625,-0.993408203125,0.130859375
3717,0.073974609375,-0.996337890625,0.13623046875
3718,0.07666015625,-0.99658203125,0.1318359375
3719,0.070068359375,-0.991455078125,0.135986328125
3720,0.0673828125,-0.996337890625,0.14404296875
3721,0.06787109375,-1.00244140625,0.14111328125
3722,0.06298828125,-0.999267578125,0.132080078125
3723,0.06201171875,-0.99853515625,0.13232421875
3724,0.064208984375,-0.997314453125,0.136474609375
3725,0.06640625,-0.996337890625,0.13720703125
3726,0.066162109375,-1.00341796875,0.14892578125
3727,0.067626953125,-1.001220703125,0.15625
3728,0.072998046875,-0.99853515625,0.150146484375
3729,0.073974609375,-0.996826171875,0.1396484375
3730,0.075927734375,-0.994384765625,0.143798828125
3731,0.075927734375,-0.994384765625,0.143798828125
3732,0.074951171875,-0.994384765625,0.142333984375
3733,0.068603515625,-0.998046875,0.142578125
3734,0.069091796875,-0.996337890625,0.151123046875
3735,0.072021484375,-0.9931640625,0.1474609375
3736,0.07666015625,-0.99169921875,0.143310546875
3737,0.080322265625,-0.989013671875,0.142578125
3738,0.083740234375,-0.989013671875,0.145263671875
3739,0.084716796875,-0.984619140625,0.135009765625
3740,0.07861328125,-0.989501953125,0.1357421875
3741,0.07177734375,-0.994140625,0.134521484375
3742,0.070556640625,-0.999267578125,0.145751953125
3743,0.071533203125,-1.001220703125,0.15087890625
3744,0.067138671875,-1.001953125,0.1416015625
3745,0.0673828125,-1.001953125,0.146728515625
3746,0.068359375,-0.9970703125,0.154541015625
3747,0.067626953125,-0.99609375,0.150146484375
3748,0.06591796875,-1.0048828125,0.154296875
3749,0.066650390625,-1.003173828125,0.154541015625
3750,0.072021484375,-0.998779296875,0.14501953125
3751,0.073974609375,-1.00244140625,0.150146484375
3752,0.07275390625,-0.997314453125,0.14990234375
3753,0.066650390625,-0.99462890625,0.1474609375
3754,0.066650390625,-0.99658203125,0.14111328125
3755,0.070556640625,-1.0,0.146240234375
3756,0.07080078125,-0.993896484375,0.146240234375
3757,0.07080078125,-0.993896484375,0.146240234375
3758,0.07275390625,-0.99365234375,0.149169921875
3759,0.0771484375,-0.991943359375,0.138671875
3760,0.07763671875,-0.9921875,0.13134765625
3761,0.06982421875,-0.9970703125,0.142578125
3762,0.06591796875,-0.99462890625,0.135498046875
3763,0.065185546875,-0.999755859375,0.1357421875
3764,0.0625,-1.001220703125,0.14501953125
3765,0.06103515625,-0.994384765625,0.132568359375
3766,0.060546875,-0.9931640625,0.126953125
3767,0.06494140625,-0.993896484375,0.134033203125
3768,0.06689453125,-0.99853515625,0.13330078125
3769,0.064453125,-1.008056640625,0.14013671875
3770,0.0673828125,-1.00341796875,0.14111328125
3771,0.073486328125,-1.000244140625,0.143798828125
3772,0.07080078125,-0.998291015625,0.134521484375
3773,0.068115234375,-0.998046875,0.1376953125
3774,0.06982421875,-1.0009765625,0.1455078125
3775,0.06787109375,-0.995361328125,0.129150390625
3776,0.06982421875,-0.994140625,0.12548828125
3777,0.0732421875,-0.99267578125,0.1337890625
3778,0.07666015625,-0.98974609375,0.1357421875
3779,0.079345703125,-0.990966796875,0.13818359375
3780,0.075439453125,-0.9912109375,0.142822265625
3781,0.0732421875,-0.991455078125,0.137939453125
3782,0.070068359375,-0.99658203125,0.141357421875
3783,0.068115234375,-0.998046875,0.13330078125
3784,0.068115234375,-0.998046875,0.13330078125
3785,0.06884765625,-1.001708984375,0.131591796875
3786,0.067626953125,-1.00048828125,0.13427734375
3787,0.069580078125,-0.997802734375,0.128662109375
3788,0.069580078125,-0.9990234375,0.138427734375
3789,0.067626953125,-0.996337890625,0.1484375
3790,0.072021484375,-0.996826171875,0.144775390625
3791,0.07470703125,-0.99853515625,0.149169921875
3792,0.07177734375,-1.001708984375,0.15087890625
3793,0.072509765625,-1.0048828125,0.15234375
3794,0.0732421875,-1.003173828125,0.166015625
3795,0.072265625,-0.9951171875,0.14697265625
3796,0.07177734375,-0.992431640625,0.139404296875
3797,0.06640625,-0.995361328125,0.146484375
3798,0.06640625,-0.997314453125,0.146728515625
3799,0.069580078125,-0.9990234375,0.1494140625
3800,0.073486328125,-0.998291015625,0.144775390625
3801,0.08349609375,-0.98828125,0.141845703125
3802,0.07958984375,-0.984375,0.1376953125
3803,0.072265625,-0.989990234375,0.13623046875
3804,0.068603515625,-0.998779296875,0.151611328125
3805,0.061767578125,-1.001953125,0.155517578125
3806,0.06103515625,-0.998291015625,0.138671875
3807,0.064453125,-0.997802734375,0.14208984375
3808,0.063720703125,-1.00341796875,0.14404296875
3809,0.063720703125,-1.00537109375,0.139404296875
3810,0.06787109375,-1.00048828125,0.1416015625
3811,0.06787109375,-1.00048828125,0.1416015625
3812,0.06689453125,-0.999755859375,0.141845703125
3813,0.0693359375,-1.002197265625,0.153076171875
3814,0.0712890625,-1.005859375,0.15576171875
3815,0.0673828125,-1.004638671875,0.14306640625
3816,0.064208984375,-1.0,0.14404296875
3817,0.06494140625,-0.9970703125,0.141845703125
3818,0.068115234375,-0.99609375,0.132568359375
3819,0.0703125,-0.9970703125,0.13525390625
3820,0.0732421875,-0.996337890625,0.136962890625
3821,0.074951171875,-0.992431640625,0.134033203125
3822,0.07275390625,-0.99462890625,0.148193359375
3823,0.071044921875,-0.996826171875,0.14306640625
3824,0.072509765625,-0.998046875,0.135009765625
3825,0.06494140625,-0.998779296875,0.141357421875
3826,0.0625,-0.99853515625,0.136962890625
3827,0.06640625,-1.000244140625,0.1318359375
3828,0.064453125,-1.00048828125,0.139404296875
3829,0.06494140625,-1.0009765625,0.1533203125
3830,0.063720703125,-1.001220703125,0.150634765625
3831,0.066162109375,-0.9990234375,0.139892578125
3832,0.073486328125,-0.998291015625,0.1298828125
3833,0.073974609375,-1.002197265625,0.1376953125
3834,0.072265625,-1.0029296875,0.145751953125
3835,0.07373046875,-1.000732421875,0.152099609375
3836,0.072509765625,-1.00048828125,0.151611328125
3837,0.0693359375,-0.992919921875,0.13037109375
3838,0.0693359375,-0.992919921875,0.13037109375
3839,0.067138671875,-0.990234375,0.130859375
3840,0.068603515625,-0.99267578125,0.133056640625
3841,0.074951171875,-0.990234375,0.130126953125
3842,0.075439453125,-0.99462890625,0.1357421875
3843,0.0771484375,-0.99609375,0.132080078125
3844,0.076904296875,-0.99609375,0.135009765625
3845,0.072021484375,-0.998291015625,0.1416015625
3846,0.065673828125,-0.996826171875,0.143798828125
3847,0.061279296875,-0.9990234375,0.139892578125
3848,0.0634765625,-1.001220703125,0.135498046875
3849,0.0673828125,-0.9951171875,0.14111328125
3850,0.07275390625,-0.995849609375,0.14794921875
3851,0.070068359375,-0.998046875,0.151123046875
3852,0.066650390625,-1.0029296875,0.15380859375
3853,0.06689453125,-1.00634765625,0.14306640625
3854,0.0703125,-1.001708984375,0.1455078125
3855,0.07568359375,-1.0048828125,0.15185546875
3856,0.0712890625,-1.001953125,0.142822265625
3857,0.06494140625,-0.998046875,0.139404296875
3858,0.068115234375,-1.000244140625,0.140380859375
3859,0.068603515625,-0.9990234375,0.145751953125
3860,0.067138671875,-0.991455078125,0.13330078125
3861,0.072998046875,-0.9892578125,0.131591796875
3862,0.077392578125,-0.99072265625,0.140625
3863,0.080078125,-0.98779296875,0.1357421875
3864,0.080078125,-0.98779296875,0.1357421875
3865,0.074951171875,-0.9892578125,0.148193359375
3866,0.06689453125,-0.997314453125,0.15087890625
3867,0.063720703125,-1.00537109375,0.14453125
3868,0.062255859375,-0.999755859375,0.140625
3869,0.064697265625,-0.995361328125,0.1328125
3870,0.06689453125,-0.998046875,0.147705078125
3871,0.068115234375,-1.001220703125,0.153564453125
3872,0.0693359375,-0.99853515625,0.138671875
3873,0.069580078125,-1.003662109375,0.13916015625
3874,0.06787109375,-1.007568359375,0.142822265625
3875,0.06640625,-0.9970703125,0.146240234375
3876,0.070556640625,-0.99951171875,0.14306640625
3877,0.0712890625,-1.006103515625,0.139892578125
3878,0.064208984375,-1.00390625,0.14404296875
3879,0.06494140625,-0.998291015625,0.13525390625
3880,0.0673828125,-0.99658203125,0.138671875
3881,0.068115234375,-0.997314453125,0.136474609375
3882,0.076416015625,-0.990966796875,0.123291015625
3883,0.078125,-0.988525390625,0.135498046875
3884,0.0791015625,-0.99072265625,0.13671875
3885,0.07373046875,-0.994873046875,0.14111328125
3886,0.067626953125,-0.99951171875,0.14306640625
3887,0.0673828125,-1.0,0.123779296875
3888,0.06640625,-1.004150390625,0.14697265625
3889,0.067138671875,-0.99853515625,0.141845703125
3890,0.0625,-0.99365234375,0.124755859375
3891,0.06298828125,-0.998291015625,0.1513671875
3892,0.06298828125,-0.998291015625,0.1513671875
3893,0.067626953125,-0.999755859375,0.146240234375
3894,0.072021484375,-1.003173828125,0.15380859375
3895,0.0751953125,-1.009765625,0.155517578125
3896,0.0732421875,-1.002685546875,0.14111328125
3897,0.067626953125,-0.9990234375,0.15234375
3898,0.068359375,-0.99462890625,0.143798828125
3899,0.0693359375,-0.989013671875,0.1494140625
3900,0.062744140625,-0.994140625,0.152099609375
3901,0.065673828125,-0.99462890625,0.13427734375
3902,0.070556640625,-0.99755859375,0.142822265625
3903,0.076171875,-0.99267578125,0.13134765625
3904,0.0830078125,-0.98828125,0.121337890625
3905,0.082763671875,-0.99560546875,0.1396484375
3906,0.084228515625,-0.99755859375,0.14208984375
3907,0.081298828125,-0.997314453125,0.141845703125
3908,0.0732421875,-0.99951171875,0.144287109375
3909,0.0703125,-0.988525390625,0.13525390625
3910,0.0732421875,-0.986083984375,0.135986328125
3911,0.076416015625,-0.989501953125,0.138427734375
3912,0.079345703125,-0.983642578125,0.133544921875
3913,0.075927734375,-0.991455078125,0.141845703125
3914,0.070556640625,-1.005126953125,0.150146484375
3915,0.0751953125,-1.0087890625,0.145263671875
3916,0.073486328125,-0.99853515625,0.1279296875
3917,0.061279296875,-0.984619140625,0.119384765625
3918,0.05224609375,-0.9814453125,0.125
3919,0.05224609375,-0.9814453125,0.125
3920,0.029296875,-0.998046875,0.152099609375
3921,0.009521484375,-1.021240234375,0.166015625
3922,0.020263671875,-1.036376953125,0.170166015625
3923,0.03466796875,-1.02783203125,0.168212890625
3924,0.053466796875,-1.0009765625,0.13330078125
3925,0.074462890625,-0.989990234375,0.1318359375
3926,0.080322265625,-0.99560546875,0.142822265625
3927,0.065185546875,-1.01025390625,0.132568359375
3928,0.049072265625,-1.028076171875,0.139892578125
3929,0.05517578125,-1.022705078125,0.136962890625
3930,0.064453125,-1.00537109375,0.116943359375
3931,0.076904296875,-1.000244140625,0.11962890625
3932,0.08837890625,-0.985595703125,0.119140625
3933,0.095947265625,-0.976318359375,0.119873046875
3934,0.0947265625,-0.99072265625,0.141845703125
3935,0.092041015625,-0.994873046875,0.144775390625
3936,0.100830078125,-0.988525390625,0.133544921875
3937,0.10498046875,-0.9794921875,0.127685546875
3938,0.0986328125,-0.970947265625,0.125
3939,0.08740234375,-0.976806640625,0.139892578125
3940,0.066162109375,-0.993408203125,0.152099609375
3941,0.0478515625,-1.005615234375,0.17041015625
3942,0.05029296875,-0.992919921875,0.152587890625
3943,0.05029296875,-0.992919921875,0.152587890625
3944,0.0634765625,-0.983154296875,0.139892578125
3945,0.077880859375,-0.98486328125,0.161376953125
3946,0.0849609375,-0.988525390625,0.15576171875
3947,0.079833984375,-1.0029296875,0.155029296875
3948,0.063232421875,-1.014404296875,0.14892578125
3949,0.05908203125,-1.013916015625,0.137939453125
3950,0.068115234375,-1.010498046875,0.146728515625
3951,0.06884765625,-1.0048828125,0.142578125
3952,0.0771484375,-0.990966796875,0.135009765625
3953,0.08447265625,-0.982666015625,0.14306640625
3954,0.0810546875,-0.9765625,0.12646484375
3955,0.082275390625,-0.986328125,0.138671875
3956,0.081787109375,-1.00634765625,0.15625
3957,0.078857421875,-1.0029296875,0.134521484375
3958,0.081298828125,-0.992431640625,0.13037109375
3959,0.077392578125,-0.991943359375,0.134033203125
3960,0.0703125,-0.991943359375,0.130126953125
3961,0.06396484375,-0.998779296875,0.137451171875
3962,0.05322265625,-1.012451171875,0.144775390625
3963,0.0556640625,-1.011474609375,0.140625
3964,0.0625,-1.00732421875,0.138427734375
3965,0.0634765625,-1.001953125,0.142578125
3966,0.064208984375,-0.992431640625,0.150146484375
3967,0.0654296875,-0.98876953125,0.14306640625
3968,0.06201171875,-0.995849609375,0.1376953125
3969,0.06201171875,-0.995849609375,0.1376953125
3970,0.050537109375,-1.010009765625,0.142333984375
3971,0.05615234375,-1.0224609375,0.15234375
3972,0.062744140625,-1.0205078125,0.166748046875
3973,0.05810546875,-0.998779296875,0.143798828125
3974,0.06396484375,-0.98681640625,0.12158203125
3975,0.06689453125,-0.993896484375,0.1337890625
3976,0.061279296875,-0.996826171875,0.133056640625
3977,0.060791015625,-0.9990234375,0.13671875
3978,0.064453125,-1.00439453125,0.1533203125
3979,0.070556640625,-1.000244140625,0.13818359375
3980,0.07666015625,-0.999755859375,0.1328125
3981,0.07275390625,-1.00634765625,0.154296875
3982,0.0654296875,-1.008056640625,0.14453125
3983,0.067626953125,-1.000732421875,0.1376953125
3984,0.072265625,-0.98681640625,0.13525390625
3985,0.075439453125,-0.983642578125,0.125
3986,0.08154296875,-0.98193359375,0.138427734375
3987,0.081787109375,-0.98486328125,0.15478515625
3988,0.078857421875,-0.992919921875,0.144287109375
3989,0.0751953125,-0.997802734375,0.14599609375
3990,0.072265625,-1.002197265625,0.1484375
3991,0.06982421875,-0.998046875,0.138916015625
3992,0.068603515625,-0.994384765625,0.15185546875
3993,0.068359375,-1.001953125,0.153564453125
3994,0.071044921875,-1.00244140625,0.15087890625
3995,0.077392578125,-0.991943359375,0.146728515625
3996,0.077392578125,-0.991943359375,0.146728515625
3997,0.07275390625,-0.994140625,0.138427734375
3998,0.07666015625,-0.987548828125,0.116943359375
3999,0.0732421875,-0.99560546875,0.13037109375
4000,0.0732421875,-0.99560546875,0.13037109375
4001,0.072509765625,-1.004638671875,0.161865234375
4002,0.06640625,-1.02099609375,0.184814453125
4003,0.06494140625,-1.011962890625,0.14794921875
4004,0.07861328125,-0.984130859375,0.113525390625
4005,0.08447265625,-0.97998046875,0.11669921875
4006,0.081298828125,-0.98046875,0.10400390625
4007,0.0830078125,-0.977294921875,0.1240234375
4008,0.075439453125,-1.00146484375,0.155029296875
4009,0.065185546875,-1.008544921875,0.15234375
4010,0.062744140625,-0.996826171875,0.155517578125
4011,0.0625,-0.9990234375,0.14599609375
4012,0.072998046875,-1.000732421875,0.1455078125
4013,0.074462890625,-1.004150390625,0.15625
4014,0.065185546875,-0.99365234375,0.13134765625
4015,0.07080078125,-0.98291015625,0.130859375
4016,0.07080078125,-0.98291015625,0.130859375
4017,0.0673828125,-1.001953125,0.148681640625
4018,0.052978515625,-1.00341796875,0.121337890625
4019,0.05810546875,-0.991455078125,0.122802734375
4020,0.063232421875,-1.00634765625,0.151123046875
4021,0.056640625,-1.013427734375,0.148681640625
4022,0.059326171875,-1.007568359375,0.154541015625
4023,0.06201171875,-1.01416015625,0.152587890625
4024,0.067138671875,-1.009765625,0.141357421875
4025,0.063720703125,-0.998779296875,0.150634765625
4026,0.056396484375,-0.99267578125,0.138916015625
4027,0.076416015625,-0.986083984375,0.15478515625
4028,0.0771484375,-0.98583984375,0.168701171875
4029,0.05908203125,-0.987548828125,0.1337890625
4030,0.068115234375,-0.990478515625,0.147216796875
4031,0.068115234375,-0.990478515625,0.147216796875
4032,0.072265625,-1.005859375,0.1591796875
4033,0.06201171875,-1.0068359375,0.133056640625
4034,0.06689453125,-0.993896484375,0.137939453125
4035,0.07373046875,-1.0,0.13720703125
4036,0.075439453125,-0.99560546875,0.10888671875
4037,0.07177734375,-0.99267578125,0.1259765625
4038,0.066162109375,-1.009033203125,0.1484375
4039,0.0693359375,-1.007080078125,0.159423828125
4040,0.071533203125,-0.9892578125,0.151123046875
4041,0.071044921875,-0.989501953125,0.115478515625
4042,0.07568359375,-1.000244140625,0.134521484375
4043,0.07958984375,-0.996337890625,0.15478515625
4044,0.069091796875,-0.991943359375,0.136962890625
4045,0.072509765625,-0.998779296875,0.159912109375
4046,0.080810546875,-1.00146484375,0.166748046875
4047,0.080810546875,-1.00146484375,0.166748046875
4048,0.072265625,-0.982666015625,0.114501953125
4049,0.070068359375,-0.984130859375,0.133544921875
4050,0.07080078125,-1.00537109375,0.161865234375
4051,0.072998046875,-1.0029296875,0.134033203125
4052,0.079345703125,-0.989013671875,0.136962890625
4053,0.07763671875,-0.99462890625,0.145263671875
4054,0.06982421875,-1.00390625,0.15087890625
4055,0.07421875,-0.99169921875,0.152099609375
4056,0.07470703125,-0.990234375,0.125732421875
4057,0.0712890625,-1.006103515625,0.13525390625
4058,0.06591796875,-1.011474609375,0.151123046875
4059,0.06005859375,-0.99658203125,0.1240234375
4060,0.07470703125,-0.992431640625,0.138916015625
4061,0.07080078125,-1.004638671875,0.158935546875
4062,0.061767578125,-0.990478515625,0.113037109375
4063,0.061767578125,-0.990478515625,0.113037109375
4064,0.07421875,-0.98876953125,0.131591796875
4065,0.071533203125,-1.013427734375,0.16552734375
4066,0.06396484375,-1.006103515625,0.1318359375
4067,0.07275390625,-0.98681640625,0.14501953125
4068,0.06640625,-0.98779296875,0.132568359375
4069,0.061767578125,-0.997314453125,0.130126953125
4070,0.067626953125,-0.99755859375,0.170166015625
4071,0.06201171875,-0.993896484375,0.132080078125
4072,0.071044921875,-1.001708984375,0.133056640625
4073,0.076416015625,-1.00439453125,0.1572265625
4074,0.06640625,-0.9892578125,0.110595703125
4075,0.071044921875,-0.990966796875,0.145751953125
4076,0.0673828125,-1.00537109375,0.17529296875
4077,0.05419921875,-0.998046875,0.126708984375
4078,0.05419921875,-0.998046875,0.126708984375
4079,0.0634765625,-0.995849609375,0.15234375
4080,0.06591796875,-1.003662109375,0.14013671875
4081,0.06005859375,-0.998291015625,0.106201171875
4082,0.063720703125,-1.004638671875,0.16650390625
4083,0.0576171875,-1.012451171875,0.15673828125
4084,0.05908203125,-1.011474609375,0.13671875
4085,0.070556640625,-1.0048828125,0.162841796875
4086,0.069580078125,-0.99853515625,0.127197265625
4087,0.07275390625,-1.0068359375,0.133544921875
4088,0.0751953125,-1.001708984375,0.14404296875
4089,0.0703125,-0.984619140625,0.103759765625
4090,0.07373046875,-0.99462890625,0.149169921875
4091,0.07080078125,-1.0068359375,0.158935546875
4092,0.066162109375,-0.9951171875,0.123046875
4093,0.0771484375,-0.991455078125,0.16748046875
4094,0.0771484375,-0.991455078125,0.16748046875
4095,0.076904296875,-0.99169921875,0.137451171875
4096,0.074462890625,-0.99169921875,0.113037109375
4097,0.080322265625,-0.99267578125,0.1630859375
4098,0.07470703125,-0.99072265625,0.135986328125
4099,0.07177734375,-0.99658203125,0.12158203125
4100,0.076904296875,-0.99462890625,0.14794921875
4101,0.0732421875,-0.989990234375,0.12890625
4102,0.072509765625,-0.99169921875,0.134765625
4103,0.07373046875,-0.997802734375,0.150634765625
4104,0.06982421875,-1.000732421875,0.1357421875
4105,0.073486328125,-1.001953125,0.16259765625
4106,0.0673828125,-1.009765625,0.163818359375
4107,0.068115234375,-1.007080078125,0.12451171875
4108,0.081298828125,-1.001953125,0.16796875
4109,0.081298828125,-1.001953125,0.16796875
4110,0.072998046875,-0.99462890625,0.142822265625
4111,0.068603515625,-0.9853515625,0.100341796875
4112,0.0810546875,-0.994384765625,0.169189453125
4113,0.072265625,-0.99658203125,0.14990234375
4114,0.06884765625,-0.994140625,0.133056640625
4115,0.086669921875,-0.996826171875,0.165283203125
4116,0.08056640625,-0.990234375,0.1162109375
4117,0.073974609375,-0.9873046875,0.109375
4118,0.0732421875,-0.99267578125,0.142578125
4119,0.0654296875,-0.9921875,0.115966796875
4120,0.062744140625,-0.997314453125,0.149169921875
4121,0.057861328125,-1.005126953125,0.166259765625
4122,0.062744140625,-0.99755859375,0.133544921875
4123,0.062744140625,-0.99755859375,0.133544921875
4124,0.0693359375,-1.001953125,0.17578125
4125,0.062744140625,-1.00146484375,0.145263671875
4126,0.0654296875,-0.990478515625,0.10009765625
4127,0.075927734375,-0.99951171875,0.15234375
4128,0.06103515625,-1.00537109375,0.138916015625
4129,0.059814453125,-1.00244140625,0.130126953125
4130,0.0703125,-1.014404296875,0.180419921875
4131,0.05908203125,-1.010498046875,0.147216796875
4132,0.059814453125,-0.998291015625,0.142333984375
4133,0.069580078125,-0.99560546875,0.1611328125
4134,0.06884765625,-0.98974609375,0.1279296875
4135,0.07177734375,-0.99658203125,0.158203125
4136,0.075439453125,-0.996337890625,0.151611328125
4137,0.075439453125,-0.996337890625,0.151611328125
4138,0.0751953125,-0.992431640625,0.115234375
4139,0.07861328125,-1.001953125,0.162353515625
4140,0.06396484375,-1.0009765625,0.143798828125
4141,0.0654296875,-0.99267578125,0.10400390625
4142,0.075439453125,-1.0009765625,0.1611328125
4143,0.06005859375,-1.002197265625,0.135986328125
4144,0.066162109375,-0.9931640625,0.108642578125
4145,0.077880859375,-1.001220703125,0.15478515625
4146,0.06787109375,-0.998046875,0.1279296875
4147,0.069091796875,-0.993896484375,0.138671875
4148,0.07275390625,-0.996337890625,0.151611328125
4149,0.068359375,-0.998779296875,0.1279296875
4150,0.071533203125,-1.0068359375,0.16357421875
4151,0.071533203125,-1.0068359375,0.16357421875
4152,0.068603515625,-1.00439453125,0.1513671875
4153,0.06884765625,-0.995849609375,0.117431640625
4154,0.0791015625,-0.99365234375,0.16748046875
4155,0.075927734375,-0.991455078125,0.158203125
4156,0.077880859375,-0.98876953125,0.132080078125
4157,0.0810546875,-0.997802734375,0.178955078125
4158,0.07568359375,-0.997314453125,0.14208984375
4159,0.08203125,-0.992919921875,0.13134765625
4160,0.084716796875,-0.987548828125,0.159423828125
4161,0.069091796875,-0.9912109375,0.1328125
4162,0.06640625,-0.99658203125,0.146240234375
4163,0.0703125,-0.995849609375,0.14794921875
4164,0.064208984375,-0.989990234375,0.10791015625
4165,0.064208984375,-0.989990234375,0.10791015625
4166,0.07080078125,-0.99560546875,0.156982421875
4167,0.07470703125,-0.996826171875,0.15673828125
4168,0.071044921875,-0.988525390625,0.10693359375
4169,0.0703125,-1.000732421875,0.164306640625
4170,0.063232421875,-1.003173828125,0.14599609375
4171,0.05810546875,-1.009765625,0.120361328125
4172,0.06982421875,-1.014892578125,0.16748046875
4173,0.0693359375,-1.005859375,0.14404296875
4174,0.0703125,-0.996826171875,0.130615234375
4175,0.07275390625,-0.993408203125,0.153564453125
4176,0.0634765625,-0.989013671875,0.120361328125
4177,0.07177734375,-0.989501953125,0.146728515625
4178,0.07568359375,-0.997314453125,0.167236328125
4179,0.07568359375,-0.997314453125,0.167236328125
4180,0.072509765625,-0.9931640625,0.11572265625
4181,0.078857421875,-0.999755859375,0.16650390625
4182,0.073974609375,-1.00244140625,0.15673828125
4183,0.069091796875,-0.998779296875,0.105712890625
4184,0.072998046875,-0.9931640625,0.156494140625
4185,0.068115234375,-0.98876953125,0.13427734375
4186,0.0625,-0.99951171875,0.11083984375
4187,0.068603515625,-1.002197265625,0.162109375
4188,0.062744140625,-0.992431640625,0.12890625
4189,0.064208984375,-1.005126953125,0.14404296875
4190,0.069580078125,-1.0068359375,0.182373046875
4191,0.0595703125,-0.98876953125,0.114501953125
4192,0.06396484375,-1.005126953125,0.150634765625
4193,0.071533203125,-1.004150390625,0.16796875
4194,0.071533203125,-1.004150390625,0.16796875
4195,0.06689453125,-0.995361328125,0.114501953125
4196,0.068603515625,-1.00390625,0.16064453125
4197,0.071533203125,-0.998046875,0.152099609375
4198,0.0634765625,-0.9931640625,0.109130859375
4199,0.071533203125,-0.995849609375,0.149658203125
4200,0.076171875,-0.99462890625,0.127685546875
4201,0.07421875,-1.000244140625,0.1220703125
4202,0.075439453125,-1.002685546875,0.16748046875
4203,0.073486328125,-0.993408203125,0.1240234375
4204,0.07470703125,-0.9990234375,0.1376953125
4205,0.074462890625,-0.999267578125,0.164306640625
4206,0.068603515625,-0.99072265625,0.108642578125
4207,0.0673828125,-1.00146484375,0.15087890625
4208,0.0673828125,-1.00146484375,0.15087890625
4209,0.06640625,-0.998779296875,0.166015625
4210,0.059326171875,-0.993408203125,0.11572265625
4211,0.0693359375,-1.000244140625,0.15966796875
4212,0.070068359375,-0.99951171875,0.147705078125
4213,0.065673828125,-1.002197265625,0.1171875
4214,0.074951171875,-1.008544921875,0.172119140625
4215,0.068603515625,-0.9951171875,0.140869140625
4216,0.06689453125,-0.999755859375,0.122314453125
4217,0.074951171875,-1.000244140625,0.1689453125
4218,0.074462890625,-0.989013671875,0.12939453125
4219,0.065673828125,-1.001708984375,0.137451171875
4220,0.07373046875,-0.989013671875,0.154052734375
4221,0.0751953125,-0.98291015625,0.11328125
4222,0.0712890625,-1.005126953125,0.14892578125
4223,0.07568359375,-0.995361328125,0.1416015625
4224,0.07568359375,-0.995361328125,0.1416015625
4225,0.072509765625,-0.984375,0.101318359375
4226,0.072021484375,-1.001708984375,0.163818359375
4227,0.067138671875,-0.997314453125,0.151123046875
4228,0.065673828125,-0.995849609375,0.1171875
4229,0.06982421875,-1.007080078125,0.1630859375
4230,0.067626953125,-0.990478515625,0.124755859375
4231,0.068115234375,-0.98779296875,0.114501953125
4232,0.068603515625,-1.001708984375,0.17138671875
4233,0.0615234375,-1.001708984375,0.143798828125
4234,0.06689453125,-1.001220703125,0.13720703125
4235,0.0693359375,-1.0107421875,0.16943359375
4236,0.0625,-1.004638671875,0.12841796875
4237,0.070068359375,-1.00244140625,0.1435546875
4238,0.070068359375,-1.00048828125,0.1640625
4239,0.06396484375,-0.98681640625,0.117919921875
4240,0.06396484375,-0.98681640625,0.117919921875
4241,0.0654296875,-0.993896484375,0.1533203125
4242,0.06689453125,-0.9912109375,0.148193359375
4243,0.067138671875,-0.994384765625,0.1201171875
4244,0.075439453125,-1.00048828125,0.173095703125
4245,0.074462890625,-0.996826171875,0.138427734375
4246,0.069580078125,-0.995849609375,0.108642578125
4247,0.08056640625,-0.99658203125,0.155517578125
4248,0.070556640625,-0.99365234375,0.130859375
4249,0.066162109375,-0.995849609375,0.128173828125
4250,0.06494140625,-1.000244140625,0.164306640625
4251,0.06103515625,-0.993408203125,0.12744140625
4252,0.064208984375,-1.0,0.138916015625
4253,0.0703125,-0.9990234375,0.16064453125
4254,0.073486328125,-0.996337890625,0.12109375
4255,0.07080078125,-1.004150390625,0.153564453125
4256,0.070556640625,-1.003173828125,0.16259765625
4257,0.070556640625,-1.003173828125,0.16259765625
4258,0.06591796875,-1.004638671875,0.120849609375
4259,0.072021484375,-1.0107421875,0.160888671875
4260,0.068603515625,-1.000732421875,0.146728515625
4261,0.0693359375,-0.98876953125,0.111572265625
4262,0.06982421875,-0.986328125,0.1513671875
4263,0.072265625,-0.985107421875,0.140380859375
4264,0.0703125,-1.001953125,0.13720703125
4265,0.070556640625,-1.001708984375,0.17236328125
4266,0.07861328125,-0.9912109375,0.130615234375
4267,0.07373046875,-0.998046875,0.13427734375
4268,0.076171875,-0.994384765625,0.15478515625
4269,0.06298828125,-0.99560546875,0.116943359375
4270,0.061767578125,-1.001953125,0.14697265625
4271,0.066162109375,-0.994384765625,0.14697265625
4272,0.064697265625,-0.994873046875,0.11767578125
4273,0.064697265625,-0.994873046875,0.11767578125
4274,0.066650390625,-1.00390625,0.158203125
4275,0.0673828125,-0.995361328125,0.150390625
4276,0.07177734375,-0.995361328125,0.121826171875
4277,0.0712890625,-1.0078125,0.174072265625
4278,0.07373046875,-0.999755859375,0.14013671875
4279,0.061767578125,-1.0029296875,0.11767578125
4280,0.06591796875,-1.008544921875,0.178466796875
4281,0.06591796875,-0.998291015625,0.14208984375
4282,0.06396484375,-0.99365234375,0.137939453125
4283,0.06982421875,-0.989501953125,0.162353515625
4284,0.067138671875,-0.983642578125,0.12158203125
4285,0.076171875,-0.993408203125,0.137939453125
4286,0.0751953125,-0.995849609375,0.1630859375
4287,0.078369140625,-0.99169921875,0.1142578125
4288,0.078369140625,-0.99169921875,0.1142578125
4289,0.07275390625,-1.0,0.138427734375
4290,0.07763671875,-0.9921875,0.14892578125
4291,0.073486328125,-0.99560546875,0.10986328125
4292,0.066650390625,-1.004638671875,0.165771484375
4293,0.072021484375,-0.994873046875,0.144287109375
4294,0.06103515625,-0.992919921875,0.1162109375
4295,0.0712890625,-1.001220703125,0.1640625
4296,0.070556640625,-0.995361328125,0.1357421875
4297,0.0673828125,-0.99853515625,0.133056640625
4298,0.066162109375,-1.00927734375,0.164794921875
4299,0.066162109375,-1.002197265625,0.1240234375
4300,0.0673828125,-1.015869140625,0.151611328125
4301,0.062255859375,-1.010986328125,0.175537109375
4302,0.069091796875,-0.9931640625,0.11669921875
4303,0.066650390625,-0.99853515625,0.157470703125
4304,0.066650390625,-0.99853515625,0.157470703125
4305,0.06689453125,-0.989013671875,0.148681640625
4306,0.06640625,-0.98388671875,0.10205078125
4307,0.070556640625,-0.999267578125,0.15478515625
4308,0.072998046875,-1.003173828125,0.138916015625
4309,0.0771484375,-0.99169921875,0.11669921875
4310,0.07861328125,-0.998291015625,0.15625
4311,0.0673828125,-0.99658203125,0.135009765625
4312,0.070068359375,-0.993408203125,0.132080078125
4313,0.06787109375,-1.0009765625,0.162841796875
4314,0.069580078125,-0.9921875,0.115966796875
4315,0.070068359375,-0.994140625,0.1298828125
4316,0.068115234375,-1.00048828125,0.164306640625
4317,0.06884765625,-1.0029296875,0.12890625
4318,0.06689453125,-1.010009765625,0.156494140625
4319,0.067626953125,-1.010009765625,0.154541015625
4320,0.0712890625,-1.001708984375,0.135009765625
4321,0.076904296875,-1.004638671875,0.16552734375
4322,0.076904296875,-1.004638671875,0.16552734375
4323,0.068359375,-1.005615234375,0.145263671875
4324,0.07080078125,-0.99462890625,0.132080078125
4325,0.071044921875,-0.994140625,0.1552734375
4326,0.0654296875,-0.9931640625,0.14208984375
4327,0.071044921875,-0.9892578125,0.14501953125
4328,0.069580078125,-0.99169921875,0.152587890625
4329,0.07666015625,-0.99755859375,0.123046875
4330,0.086181640625,-0.994873046875,0.138671875
4331,0.07861328125,-1.001953125,0.147216796875
4332,0.067138671875,-1.004150390625,0.124755859375
4333,0.0703125,-0.989013671875,0.1396484375
4334,0.069580078125,-0.992431640625,0.135498046875
4335,0.06787109375,-0.992431640625,0.125732421875
4336,0.06787109375,-0.992431640625,0.125732421875
4337,0.069580078125,-0.996337890625,0.15380859375
4338,0.061767578125,-1.00390625,0.138671875
4339,0.068115234375,-1.000244140625,0.134033203125
4340,0.072998046875,-1.001220703125,0.154296875
4341,0.064453125,-1.00927734375,0.131591796875
4342,0.067138671875,-1.00634765625,0.14892578125
4343,0.070556640625,-1.000244140625,0.15185546875
4344,0.06494140625,-1.005859375,0.134521484375
4345,0.0693359375,-0.996337890625,0.15625
4346,0.06884765625,-0.990234375,0.13720703125
4347,0.06298828125,-0.99658203125,0.133544921875
4348,0.070068359375,-0.990478515625,0.151611328125
4349,0.066650390625,-0.995849609375,0.135986328125
4350,0.066650390625,-0.995849609375,0.135986328125
4351,0.06689453125,-1.0,0.143798828125
4352,0.075927734375,-0.9951171875,0.153076171875
4353,0.069580078125,-0.9970703125,0.121826171875
4354,0.072021484375,-0.99951171875,0.134765625
4355,0.076171875,-0.997802734375,0.15234375
4356,0.065673828125,-0.998291015625,0.117919921875
4357,0.0654296875,-1.001220703125,0.142578125
4358,0.06982421875,-0.989990234375,0.135498046875
4359,0.066162109375,-0.998046875,0.121826171875
4360,0.071533203125,-1.0048828125,0.15625
4361,0.070556640625,-1.002685546875,0.125732421875
4362,0.066162109375,-1.01318359375,0.1435546875
4363,0.07275390625,-1.0087890625,0.164794921875
4364,0.07275390625,-1.0087890625,0.164794921875
4365,0.066650390625,-1.005615234375,0.124755859375
4366,0.06884765625,-1.003662109375,0.146484375
4367,0.07421875,-0.992919921875,0.16015625
4368,0.064697265625,-0.993408203125,0.134765625
4369,0.065673828125,-0.994384765625,0.1552734375
4370,0.0712890625,-0.986083984375,0.143798828125
4371,0.0693359375,-0.998291015625,0.123046875
4372,0.07666015625,-1.00537109375,0.16015625
4373,0.08203125,-0.99560546875,0.130859375
4374,0.0703125,-0.997802734375,0.12158203125
4375,0.076416015625,-0.9912109375,0.15771484375
4376,0.071533203125,-0.9912109375,0.128173828125
4377,0.061279296875,-1.00634765625,0.139892578125
4378,0.061279296875,-1.00634765625,0.139892578125
4379,0.072509765625,-0.99609375,0.1484375
4380,0.067138671875,-0.986328125,0.115478515625
4381,0.06640625,-1.002685546875,0.14599609375
4382,0.072021484375,-1.00244140625,0.149658203125
4383,0.06640625,-1.001708984375,0.125732421875
4384,0.068115234375,-1.0107421875,0.15576171875
4385,0.07470703125,-0.999755859375,0.140869140625
4386,0.069580078125,-1.00341796875,0.125732421875
4387,0.0712890625,-1.0107421875,0.17138671875
4388,0.072509765625,-0.99267578125,0.140869140625
4389,0.063720703125,-0.990234375,0.12744140625
4390,0.070068359375,-0.99658203125,0.152099609375
4391,0.070068359375,-0.98974609375,0.1162109375
4392,0.070068359375,-0.98974609375,0.1162109375
4393,0.06884765625,-0.99951171875,0.137451171875
4394,0.076416015625,-0.999755859375,0.151611328125
4395,0.076171875,-0.989990234375,0.127197265625
4396,0.072998046875,-0.998291015625,0.144775390625
4397,0.07177734375,-0.9970703125,0.14794921875
4398,0.068603515625,-0.9892578125,0.129150390625
4399,0.064208984375,-0.997802734375,0.1455078125
4400,0.067138671875,-0.99755859375,0.143798828125
4401,0.0654296875,-0.986328125,0.1171875
4402,0.06640625,-1.00048828125,0.149658203125
4403,0.06689453125,-1.001708984375,0.1455078125
4404,0.067138671875,-1.000732421875,0.1396484375
4405,0.0673828125,-1.01318359375,0.1591796875
4406,0.0673828125,-1.01318359375,0.1591796875
4407,0.06201171875,-1.006103515625,0.134033203125
4408,0.06201171875,-1.001708984375,0.135986328125
4409,0.06201171875,-1.00341796875,0.142333984375
4410,0.069091796875,-0.99658203125,0.137451171875
4411,0.067626953125,-0.99365234375,0.141845703125
4412,0.060791015625,-0.998779296875,0.14892578125
4413,0.065673828125,-0.99951171875,0.1484375
4414,0.0712890625,-1.002685546875,0.136962890625
4415,0.07177734375,-1.007080078125,0.133056640625
4416,0.073486328125,-0.999267578125,0.1201171875
4417,0.075927734375,-0.98974609375,0.130126953125
4418,0.072021484375,-0.983154296875,0.144287109375
4419,0.0751953125,-0.98193359375,0.14990234375
4420,0.0751953125,-0.98193359375,0.14990234375
4421,0.076171875,-0.988525390625,0.16796875
4422,0.07373046875,-0.99072265625,0.156005859375
4423,0.078857421875,-0.992919921875,0.13525390625
4424,0.076904296875,-1.012939453125,0.124267578125
4425,0.08056640625,-1.020263671875,0.1259765625
4426,0.08984375,-0.99658203125,0.115234375
4427,0.07958984375,-0.99462890625,0.121826171875
4428,0.07177734375,-0.998779296875,0.161865234375
4429,0.070556640625,-0.9931640625,0.176025390625
4430,0.064453125,-1.000244140625,0.17626953125
4431,0.06591796875,-0.99560546875,0.179443359375
4432,0.0703125,-0.983642578125,0.1640625
4433,0.0703125,-0.992919921875,0.14404296875
4434,0.072509765625,-1.0029296875,0.149169921875
4435,0.07666015625,-0.98974609375,0.13720703125
4436,0.0732421875,-0.97900390625,0.132568359375
4437,0.0732421875,-0.97900390625,0.132568359375
4438,0.064697265625,-0.971435546875,0.146240234375
4439,0.0556640625,-0.97998046875,0.154541015625
4440,0.05322265625,-0.998779296875,0.150634765625
4441,0.059326171875,-1.00341796875,0.117431640625
4442,0.060546875,-1.003173828125,0.099365234375
4443,0.06298828125,-1.003173828125,0.10888671875
4444,0.06005859375,-1.016357421875,0.11962890625
4445,0.0576171875,-1.03173828125,0.12548828125
4446,0.066162109375,-1.030029296875,0.135498046875
4447,0.06298828125,-1.005615234375,0.135498046875
4448,0.062255859375,-1.001708984375,0.150146484375
4449,0.07080078125,-1.019287109375,0.175537109375
4450,0.068603515625,-1.029296875,0.172607421875
4451,0.066650390625,-1.008544921875,0.148681640625
4452,0.066650390625,-1.008544921875,0.148681640625
4453,0.0810546875,-0.966064453125,0.132080078125
4454,0.082275390625,-0.9677734375,0.14990234375
4455,0.07275390625,-0.9833984375,0.173828125
4456,0.07861328125,-0.97607421875,0.1640625
4457,0.074951171875,-0.966796875,0.129638671875
4458,0.068359375,-0.974609375,0.1142578125
4459,0.0771484375,-0.990966796875,0.1318359375
4460,0.080078125,-1.004150390625,0.145751953125
4461,0.070556640625,-1.004638671875,0.137939453125
4462,0.07275390625,-0.9892578125,0.1220703125
4463,0.0703125,-0.986328125,0.1015625
4464,0.060546875,-1.005126953125,0.110107421875
4465,0.05859375,-1.0205078125,0.13671875
4466,0.0576171875,-1.013427734375,0.14013671875
4467,0.064697265625,-1.009521484375,0.1513671875
4468,0.064697265625,-1.009521484375,0.1513671875
4469,0.065673828125,-1.01611328125,0.16455078125
4470,0.064453125,-1.020263671875,0.1748046875
4471,0.065673828125,-1.0185546875,0.164306640625
4472,0.0712890625,-0.9951171875,0.123291015625
4473,0.076904296875,-0.982421875,0.12158203125
4474,0.075927734375,-0.9921875,0.127197265625
4475,0.070068359375,-0.996826171875,0.143310546875
4476,0.07080078125,-0.99267578125,0.183349609375
4477,0.075927734375,-0.985107421875,0.1884765625
4478,0.0771484375,-0.982666015625,0.16796875
4479,0.07861328125,-0.984130859375,0.139892578125
4480,0.079833984375,-0.990478515625,0.11474609375
4481,0.08740234375,-0.98681640625,0.091552734375
4482,0.085205078125,-0.985107421875,0.09130859375
4483,0.085205078125,-0.985107421875,0.09130859375
4484,0.07373046875,-0.99560546875,0.11767578125
4485,0.067626953125,-1.004638671875,0.14208984375
4486,0.061767578125,-1.009765625,0.158203125
4487,0.057861328125,-1.01416015625,0.16552734375
4488,0.064453125,-1.00341796875,0.142822265625
4489,0.066650390625,-0.994384765625,0.10498046875
4490,0.061279296875,-1.0048828125,0.1201171875
4491,0.0625,-1.0107421875,0.140380859375
4492,0.060791015625,-1.02197265625,0.161865234375
4493,0.058349609375,-1.025146484375,0.192138671875
4494,0.056884765625,-1.009033203125,0.173095703125
4495,0.059326171875,-0.996337890625,0.1708984375
4496,0.064208984375,-0.99267578125,0.17138671875
4497,0.066650390625,-0.98193359375,0.130615234375
4498,0.067138671875,-0.982666015625,0.12060546875
4499,0.067138671875,-0.982666015625,0.12060546875
4500,0.072998046875,-0.989501953125,0.12158203125
4501,0.07958984375,-0.990966796875,0.1279296875
4502,0.082275390625,-0.99755859375,0.1591796875
4503,0.085693359375,-0.992431640625,0.1455078125
4504,0.078369140625,-0.987060546875,0.117431640625
4505,0.07421875,-0.981689453125,0.113037109375
4506,0.071044921875,-0.985595703125,0.119873046875
4507,0.06640625,-1.000244140625,0.128662109375
4508,0.0673828125,-1.0068359375,0.13623046875
4509,0.065185546875,-1.00390625,0.12744140625
4510,0.06591796875,-1.00439453125,0.134765625
4511,0.0654296875,-1.00634765625,0.15625
4512,0.0634765625,-1.01025390625,0.1669921875
4513,0.065185546875,-1.0166015625,0.173583984375
4514,0.06396484375,-1.013671875,0.16357421875
4515,0.06396484375,-1.013671875,0.16357421875
4516,0.06689453125,-1.01318359375,0.16162109375
4517,0.072998046875,-1.00244140625,0.15380859375
4518,0.0732421875,-0.99365234375,0.1484375
4519,0.07177734375,-0.9931640625,0.150390625
4520,0.074462890625,-0.9892578125,0.1435546875
4521,0.078369140625,-0.985595703125,0.130126953125
4522,0.082275390625,-0.99072265625,0.134033203125
4523,0.08447265625,-0.990966796875,0.126708984375
4524,0.083740234375,-0.98876953125,0.11083984375
4525,0.079345703125,-0.989501953125,0.12939453125
4526,0.071533203125,-0.986083984375,0.129150390625
4527,0.063720703125,-0.9931640625,0.1318359375
4528,0.06201171875,-0.99755859375,0.148681640625
4529,0.063720703125,-0.998046875,0.138916015625
4530,0.063720703125,-0.998046875,0.138916015625
4531,0.068603515625,-1.003173828125,0.143798828125
4532,0.0751953125,-0.994873046875,0.1357421875
4533,0.068359375,-0.999267578125,0.135986328125
4534,0.06640625,-1.011962890625,0.150146484375
4535,0.069580078125,-1.0068359375,0.13525390625
4536,0.069091796875,-1.00634765625,0.1416015625
4537,0.06982421875,-1.007568359375,0.152587890625
4538,0.071533203125,-1.004150390625,0.1591796875
4539,0.065673828125,-1.001708984375,0.162841796875
4540,0.061279296875,-0.996337890625,0.1533203125
4541,0.067626953125,-0.990234375,0.14111328125
4542,0.06884765625,-0.994140625,0.13671875
4543,0.072998046875,-0.99951171875,0.149658203125
4544,0.0791015625,-0.99755859375,0.147216796875
4545,0.079833984375,-0.98486328125,0.12841796875
4546,0.079833984375,-0.98486328125,0.12841796875
4547,0.075927734375,-0.987548828125,0.128662109375
4548,0.07470703125,-0.998291015625,0.133544921875
4549,0.068359375,-1.0009765625,0.138671875
4550,0.061279296875,-1.005615234375,0.134521484375
4551,0.0654296875,-1.003173828125,0.131591796875
4552,0.072509765625,-0.99951171875,0.13134765625
4553,0.07080078125,-0.99951171875,0.12890625
4554,0.061279296875,-1.00732421875,0.15185546875
4555,0.0634765625,-1.00927734375,0.1591796875
4556,0.067626953125,-1.007080078125,0.152099609375
4557,0.069580078125,-1.001953125,0.139404296875
4558,0.06787109375,-0.998291015625,0.131103515625
4559,0.06591796875,-1.00341796875,0.14697265625
4560,0.06591796875,-1.00341796875,0.14697265625
4561,0.072265625,-0.9970703125,0.15185546875
4562,0.0703125,-0.9892578125,0.140380859375
4563,0.067138671875,-0.991455078125,0.131591796875
4564,0.069580078125,-0.994140625,0.137939453125
4565,0.07080078125,-0.995849609375,0.15283203125
4566,0.07568359375,-0.9990234375,0.145751953125
4567,0.077392578125,-1.000244140625,0.137451171875
4568,0.07080078125,-1.00390625,0.1533203125
4569,0.071533203125,-1.00048828125,0.14453125
4570,0.07177734375,-0.994873046875,0.130126953125
4571,0.068115234375,-0.991455078125,0.129638671875
4572,0.06884765625,-0.989013671875,0.126220703125
4573,0.067626953125,-0.99560546875,0.130126953125
4574,0.067626953125,-0.99560546875,0.130126953125
4575,0.066650390625,-1.009521484375,0.15087890625
4576,0.07080078125,-1.013671875,0.155517578125
4577,0.070068359375,-1.005615234375,0.141357421875
4578,0.070068359375,-1.001953125,0.139404296875
4579,0.07275390625,-1.00341796875,0.130859375
4580,0.068603515625,-1.004150390625,0.130859375
4581,0.07080078125,-0.9990234375,0.142333984375
4582,0.072021484375,-0.99462890625,0.1552734375
4583,0.066650390625,-0.9921875,0.161865234375
4584,0.071044921875,-0.993896484375,0.157958984375
4585,0.072509765625,-0.99462890625,0.14013671875
4586,0.07080078125,-0.994140625,0.1259765625
4587,0.075439453125,-0.996337890625,0.135986328125
4588,0.078369140625,-0.993408203125,0.1416015625
4589,0.078369140625,-0.993408203125,0.1416015625
4590,0.076416015625,-0.993896484375,0.140380859375
4591,0.07177734375,-0.999755859375,0.14892578125
4592,0.06884765625,-1.00146484375,0.150146484375
4593,0.064697265625,-0.99365234375,0.138671875
4594,0.064697265625,-0.993896484375,0.1298828125
4595,0.067138671875,-1.00146484375,0.138671875
4596,0.067138671875,-1.00634765625,0.14208984375
4597,0.061279296875,-1.010009765625,0.13525390625
4598,0.064208984375,-1.006591796875,0.143310546875
4599,0.0703125,-1.000732421875,0.1435546875
4600,0.06640625,-0.999755859375,0.140869140625
4601,0.067626953125,-0.99609375,0.140380859375
4602,0.0712890625,-0.99462890625,0.15234375
4603,0.0712890625,-0.99462890625,0.15234375
4604,0.06884765625,-0.992919921875,0.145263671875
4605,0.06640625,-0.99267578125,0.140380859375
4606,0.06884765625,-0.995361328125,0.153076171875
4607,0.069580078125,-0.99365234375,0.1474609375
4608,0.0771484375,-0.99755859375,0.144775390625
4609,0.08154296875,-0.998779296875,0.13720703125
4610,0.074951171875,-1.004638671875,0.1328125
4611,0.066650390625,-1.002197265625,0.126953125
4612,0.064208984375,-0.9970703125,0.127685546875
4613,0.064208984375,-0.993408203125,0.1240234375
4614,0.062744140625,-0.98828125,0.124755859375
4615,0.067138671875,-0.993408203125,0.13818359375
4616,0.069091796875,-1.00439453125,0.151123046875
4617,0.069091796875,-1.00439453125,0.151123046875
4618,0.06982421875,-1.00927734375,0.161376953125
4619,0.066650390625,-1.005615234375,0.156005859375
4620,0.066650390625,-1.009765625,0.157958984375
4621,0.06982421875,-1.008544921875,0.143798828125
4622,0.068359375,-1.000732421875,0.12353515625
4623,0.07421875,-0.99560546875,0.130126953125
4624,0.075927734375,-0.995361328125,0.147216796875
4625,0.06982421875,-0.994384765625,0.144287109375
4626,0.067138671875,-0.99560546875,0.140625
4627,0.06640625,-0.9951171875,0.145751953125
4628,0.06884765625,-0.9970703125,0.146728515625
4629,0.072265625,-1.001953125,0.157470703125
4630,0.079833984375,-0.996337890625,0.15478515625
4631,0.079833984375,-0.996337890625,0.15478515625
4632,0.078369140625,-0.987548828125,0.136962890625
4633,0.073974609375,-0.989013671875,0.1298828125
4634,0.073486328125,-0.990478515625,0.13134765625
4635,0.072265625,-0.990234375,0.134765625
4636,0.07177734375,-0.99609375,0.138671875
4637,0.0732421875,-0.993896484375,0.13623046875
4638,0.072265625,-0.9931640625,0.138427734375
4639,0.06787109375,-0.999755859375,0.140869140625
4640,0.0703125,-1.001708984375,0.1416015625
4641,0.067626953125,-1.00341796875,0.143798828125
4642,0.0634765625,-1.007568359375,0.1484375
4643,0.069580078125,-1.00537109375,0.155517578125
4644,0.076416015625,-1.004638671875,0.14697265625
4645,0.071533203125,-1.00537109375,0.137451171875
4646,0.071533203125,-1.00537109375,0.137451171875
4647,0.06640625,-0.998779296875,0.146484375
4648,0.0673828125,-0.9951171875,0.150634765625
4649,0.0703125,-0.989990234375,0.140869140625
4650,0.0732421875,-0.99072265625,0.134765625
4651,0.07861328125,-0.993408203125,0.129638671875
4652,0.080810546875,-0.996337890625,0.136474609375
4653,0.077880859375,-0.996337890625,0.136962890625
4654,0.076416015625,-0.99658203125,0.125
4655,0.06884765625,-1.00341796875,0.13427734375
4656,0.062744140625,-1.00048828125,0.14013671875
4657,0.064453125,-0.994384765625,0.132080078125
4658,0.07080078125,-0.993896484375,0.142333984375
4659,0.070556640625,-0.99755859375,0.142578125
4660,0.067138671875,-1.002685546875,0.135498046875
4661,0.067138671875,-1.002685546875,0.135498046875
4662,0.0673828125,-1.009765625,0.137939453125
4663,0.06982421875,-1.004638671875,0.126953125
4664,0.070068359375,-1.007080078125,0.134033203125
4665,0.065673828125,-1.009521484375,0.141845703125
4666,0.07177734375,-0.999267578125,0.13916015625
4667,0.073486328125,-0.998779296875,0.149658203125
4668,0.065673828125,-0.998291015625,0.152587890625
4669,0.066162109375,-0.992919921875,0.14501953125
4670,0.066162109375,-0.99658203125,0.152099609375
4671,0.066650390625,-0.9931640625,0.14599609375
4672,0.076416015625,-0.992431640625,0.148681640625
4673,0.0751953125,-0.99755859375,0.153076171875
4674,0.070068359375,-0.987548828125,0.126953125
4675,0.07373046875,-0.989501953125,0.14013671875
4676,0.07080078125,-0.995361328125,0.14990234375
4677,0.07080078125,-0.995361328125,0.14990234375
4678,0.070068359375,-1.0,0.140380859375
4679,0.069580078125,-1.00390625,0.146728515625
4680,0.06884765625,-0.999755859375,0.1337890625
4681,0.0693359375,-1.002685546875,0.13623046875
4682,0.069091796875,-1.00048828125,0.141357421875
4683,0.07275390625,-0.998046875,0.127197265625
4684,0.070556640625,-1.009033203125,0.142578125
4685,0.070068359375,-1.009033203125,0.145263671875
4686,0.07568359375,-1.00537109375,0.140625
4687,0.0712890625,-1.003662109375,0.150634765625
4688,0.06640625,-0.996826171875,0.14111328125
4689,0.070068359375,-0.995849609375,0.140869140625
4690,0.06884765625,-0.992431640625,0.133056640625
4691,0.06884765625,-0.992431640625,0.12646484375
4692,0.06884765625,-1.00048828125,0.148193359375
4693,0.06884765625,-1.00048828125,0.148193359375
4694,0.06982421875,-1.0009765625,0.14697265625
4695,0.075439453125,-0.99951171875,0.141357421875
4696,0.075439453125,-0.99853515625,0.148193359375
4697,0.07421875,-0.98779296875,0.129150390625
4698,0.069091796875,-0.99072265625,0.13427734375
4699,0.065673828125,-0.99365234375,0.1455078125
4700,0.069091796875,-0.993896484375,0.13916015625
4701,0.069091796875,-1.00439453125,0.15380859375
4702,0.0673828125,-1.001220703125,0.14892578125
4703,0.068359375,-0.999267578125,0.14208984375
4704,0.06884765625,-1.009521484375,0.154296875
4705,0.06787109375,-1.00732421875,0.143798828125
4706,0.068603515625,-1.006591796875,0.14111328125
4707,0.06787109375,-1.01025390625,0.140869140625
4708,0.06787109375,-1.01025390625,0.140869140625
4709,0.069580078125,-0.99853515625,0.13232421875
4710,0.072265625,-1.00244140625,0.149658203125
4711,0.07275390625,-1.0,0.142333984375
4712,0.0703125,-0.9892578125,0.1328125
4713,0.066650390625,-0.9873046875,0.142578125
4714,0.068115234375,-0.987548828125,0.13671875
4715,0.07080078125,-0.997314453125,0.14794921875
4716,0.071044921875,-1.00244140625,0.14892578125
4717,0.07470703125,-0.98974609375,0.126220703125
4718,0.076416015625,-0.9873046875,0.13916015625
4719,0.065673828125,-0.99560546875,0.143310546875
4720,0.06494140625,-0.994873046875,0.130859375
4721,0.0712890625,-0.997802734375,0.145751953125
4722,0.072265625,-0.99658203125,0.1416015625
4723,0.072509765625,-0.99951171875,0.1328125
4724,0.072509765625,-0.99951171875,0.1328125
4725,0.068115234375,-1.000732421875,0.14501953125
4726,0.068115234375,-0.99658203125,0.143798828125
4727,0.0703125,-0.997802734375,0.141357421875
4728,0.06884765625,-1.000244140625,0.147705078125
4729,0.065185546875,-1.000244140625,0.13916015625
4730,0.0693359375,-1.0048828125,0.154052734375
4731,0.0693359375,-1.003662109375,0.161865234375
4732,0.06591796875,-0.9931640625,0.13671875
4733,0.0703125,-0.992919921875,0.14501953125
4734,0.0703125,-0.99365234375,0.143798828125
4735,0.069091796875,-0.993896484375,0.130859375
4736,0.072265625,-0.998046875,0.143310546875
4737,0.075927734375,-0.994873046875,0.1396484375
4738,0.076171875,-0.994873046875,0.133544921875
4739,0.07421875,-0.993408203125,0.13623046875
4740,0.07421875,-0.993408203125,0.13623046875
4741,0.073486328125,-0.98583984375,0.1396484375
4742,0.071533203125,-0.98779296875,0.139892578125
4743,0.065673828125,-0.992919921875,0.13916015625
4744,0.06298828125,-0.9931640625,0.134765625
4745,0.06640625,-0.99609375,0.13037109375
4746,0.067626953125,-1.003173828125,0.138916015625
4747,0.069091796875,-1.005126953125,0.141357421875
4748,0.0703125,-1.0078125,0.14453125
4749,0.069580078125,-1.012451171875,0.145751953125
4750,0.072021484375,-1.0068359375,0.14013671875
4751,0.072021484375,-1.0,0.142822265625
4752,0.071533203125,-1.0,0.1494140625
4753,0.072265625,-0.995849609375,0.14501953125
4754,0.065673828125,-0.99560546875,0.14697265625
4755,0.064697265625,-0.9951171875,0.14208984375
4756,0.064697265625,-0.9951171875,0.14208984375
4757,0.071533203125,-0.995361328125,0.131591796875
4758,0.072021484375,-1.001220703125,0.1396484375
4759,0.07373046875,-1.0009765625,0.138916015625
4760,0.073486328125,-0.99853515625,0.142578125
4761,0.070556640625,-0.994140625,0.141845703125
4762,0.0732421875,-0.990966796875,0.133544921875
4763,0.06982421875,-0.99462890625,0.138427734375
4764,0.06591796875,-1.000244140625,0.140625
4765,0.06982421875,-0.998046875,0.13671875
4766,0.0703125,-0.99755859375,0.13916015625
4767,0.06884765625,-1.001708984375,0.137451171875
4768,0.066650390625,-1.003173828125,0.141357421875
4769,0.064208984375,-1.00146484375,0.1484375
4770,0.068359375,-0.998291015625,0.1318359375
4771,0.068359375,-0.998291015625,0.1318359375
4772,0.072021484375,-1.001708984375,0.130615234375
4773,0.067138671875,-1.0087890625,0.147216796875
4774,0.069580078125,-1.006103515625,0.149658203125
4775,0.0703125,-1.0009765625,0.1494140625
4776,0.065185546875,-0.99755859375,0.144287109375
4777,0.067626953125,-0.99267578125,0.14013671875
4778,0.069091796875,-0.993896484375,0.1494140625
4779,0.07080078125,-0.998779296875,0.147705078125
4780,0.075439453125,-0.99658203125,0.1416015625
4781,0.073974609375,-0.994873046875,0.143798828125
4782,0.07275390625,-0.994873046875,0.135986328125
4783,0.074462890625,-0.991455078125,0.129638671875
4784,0.07080078125,-0.98876953125,0.135986328125
4785,0.07080078125,-0.98876953125,0.135986328125
4786,0.070068359375,-0.991455078125,0.13671875
4787,0.070068359375,-0.99658203125,0.14111328125
4788,0.07177734375,-0.99658203125,0.133056640625
4789,0.07421875,-1.00146484375,0.134521484375
4790,0.071533203125,-1.00341796875,0.146240234375
4791,0.065673828125,-1.00927734375,0.149658203125
4792,0.064697265625,-1.0068359375,0.14404296875
4793,0.0712890625,-1.001708984375,0.13720703125
4794,0.072021484375,-1.001220703125,0.14208984375
4795,0.0703125,-0.994873046875,0.138916015625
4796,0.072509765625,-0.9951171875,0.141845703125
4797,0.068359375,-0.9970703125,0.152587890625
4798,0.06591796875,-0.996337890625,0.145751953125
4799,0.06591796875,-0.996337890625,0.145751953125
4800,0.070556640625,-0.992431640625,0.13916015625
4801,0.072021484375,-0.991943359375,0.1416015625
4802,0.07421875,-0.987548828125,0.126220703125
4803,0.073486328125,-0.989990234375,0.1357421875
4804,0.0712890625,-0.9951171875,0.146240234375
4805,0.0732421875,-0.995849609375,0.145751953125
4806,0.0712890625,-0.99658203125,0.1435546875
4807,0.068359375,-0.99609375,0.133544921875
4808,0.06982421875,-0.99853515625,0.13818359375
4809,0.0693359375,-0.9990234375,0.143798828125
4810,0.066650390625,-0.999755859375,0.14208984375
4811,0.0654296875,-1.005615234375,0.14013671875
4812,0.064697265625,-1.00830078125,0.1435546875
4813,0.064697265625,-1.00830078125,0.1435546875
4814,0.068359375,-1.000732421875,0.1435546875
4815,0.072021484375,-1.0,0.146484375
4816,0.07275390625,-1.0029296875,0.143798828125
4817,0.06787109375,-1.00048828125,0.141845703125
4818,0.065673828125,-0.9990234375,0.14697265625
4819,0.069091796875,-0.997314453125,0.143310546875
4820,0.066650390625,-0.9970703125,0.138671875
4821,0.067138671875,-1.000244140625,0.143798828125
4822,0.0712890625,-0.996826171875,0.144287109375
4823,0.0712890625,-0.99267578125,0.13671875
4824,0.070556640625,-0.994873046875,0.133056640625
4825,0.071533203125,-0.992431640625,0.132568359375
4826,0.068359375,-0.98779296875,0.127685546875
4827,0.068359375,-0.98779296875,0.127685546875
4828,0.06884765625,-0.993896484375,0.135009765625
4829,0.072265625,-1.001953125,0.15087890625
4830,0.068603515625,-1.000732421875,0.149658203125
4831,0.065673828125,-0.9990234375,0.140625
4832,0.068359375,-1.0,0.142333984375
4833,0.065673828125,-1.001708984375,0.13916015625
4834,0.060791015625,-1.0068359375,0.139892578125
4835,0.06787109375,-1.005615234375,0.15234375
4836,0.072265625,-1.00244140625,0.144287109375
4837,0.0673828125,-1.005859375,0.141357421875
4838,0.07373046875,-1.001220703125,0.139404296875
4839,0.077392578125,-0.993408203125,0.139892578125
4840,0.07177734375,-0.992919921875,0.147705078125
4841,0.07177734375,-0.992919921875,0.147705078125
4842,0.0712890625,-0.99169921875,0.142333984375
4843,0.069091796875,-0.9931640625,0.14794921875
4844,0.071044921875,-0.994873046875,0.143798828125
4845,0.0732421875,-0.990478515625,0.135498046875
4846,0.0732421875,-0.990234375,0.135986328125
4847,0.07373046875,-0.995849609375,0.14013671875
4848,0.072998046875,-0.996826171875,0.149658203125
4849,0.0703125,-0.990966796875,0.13720703125
4850,0.068359375,-0.994384765625,0.131591796875
4851,0.06494140625,-0.9990234375,0.137451171875
4852,0.06689453125,-0.995361328125,0.13330078125
4853,0.06982421875,-0.999755859375,0.145751953125
4854,0.064208984375,-1.00390625,0.14892578125
4855,0.064208984375,-1.00390625,0.14892578125
4856,0.068603515625,-1.001953125,0.1416015625
4857,0.0703125,-1.004638671875,0.159423828125
4858,0.068359375,-0.99951171875,0.144775390625
4859,0.074951171875,-1.005126953125,0.148193359375
4860,0.072998046875,-1.004150390625,0.150390625
4861,0.06884765625,-0.98974609375,0.12109375
4862,0.0703125,-0.992919921875,0.13916015625
4863,0.068115234375,-0.995361328125,0.1455078125
4864,0.07470703125,-0.995361328125,0.138427734375
4865,0.076416015625,-0.998779296875,0.14453125
4866,0.076171875,-1.003173828125,0.137451171875
4867,0.076171875,-0.9990234375,0.135498046875
4868,0.068359375,-0.99560546875,0.14404296875
4869,0.072265625,-0.99169921875,0.134521484375
4870,0.06884765625,-0.99169921875,0.13671875
4871,0.06884765625,-0.99169921875,0.13671875
4872,0.06005859375,-0.99951171875,0.12548828125
4873,0.071044921875,-0.99853515625,0.1201171875
4874,0.0703125,-0.99755859375,0.147216796875
4875,0.062744140625,-0.9970703125,0.141845703125
4876,0.068603515625,-0.997802734375,0.14208984375
4877,0.067138671875,-1.00390625,0.14404296875
4878,0.07080078125,-1.0029296875,0.13134765625
4879,0.068603515625,-0.997802734375,0.140380859375
4880,0.068115234375,-1.00048828125,0.138916015625
4881,0.073486328125,-1.00244140625,0.146484375
4882,0.068359375,-1.00048828125,0.150634765625
4883,0.069091796875,-0.997802734375,0.12841796875
4884,0.069091796875,-0.998291015625,0.1513671875
4885,0.068603515625,-0.997314453125,0.15283203125
4886,0.07177734375,-0.995361328125,0.137939453125
4887,0.07177734375,-0.995361328125,0.137939453125
4888,0.072265625,-0.995361328125,0.1474609375
4889,0.076904296875,-0.991455078125,0.123779296875
4890,0.076171875,-0.990234375,0.135986328125
4891,0.070068359375,-0.992431640625,0.150146484375
4892,0.070068359375,-0.986572265625,0.140869140625
4893,0.063232421875,-0.990966796875,0.149658203125
4894,0.06396484375,-1.000244140625,0.1318359375
4895,0.068359375,-0.998046875,0.139892578125
4896,0.06689453125,-0.99462890625,0.138671875
4897,0.072021484375,-0.991455078125,0.126953125
4898,0.073486328125,-0.999267578125,0.1494140625
4899,0.069580078125,-1.012451171875,0.1474609375
4900,0.06591796875,-1.011962890625,0.154296875
4901,0.071533203125,-1.004638671875,0.153076171875
4902,0.070068359375,-0.999755859375,0.142578125
4903,0.070068359375,-0.999755859375,0.142578125
4904,0.064453125,-0.99853515625,0.154052734375
4905,0.06884765625,-0.9951171875,0.14453125
4906,0.066162109375,-0.987060546875,0.138671875
4907,0.068115234375,-0.99560546875,0.146728515625
4908,0.07080078125,-1.0009765625,0.143310546875
4909,0.0693359375,-0.9990234375,0.13427734375
4910,0.07421875,-1.001953125,0.119384765625
4911,0.072265625,-0.99267578125,0.114990234375
4912,0.06689453125,-0.991455078125,0.12548828125
4913,0.06494140625,-0.98974609375,0.1396484375
4914,0.06591796875,-0.982177734375,0.156982421875
4915,0.06201171875,-0.997802734375,0.162353515625
4916,0.05859375,-1.013427734375,0.163818359375
4917,0.07177734375,-1.012939453125,0.155029296875
4918,0.07177734375,-1.012939453125,0.155029296875
4919,0.076171875,-1.01171875,0.13720703125
4920,0.08056640625,-1.008056640625,0.124755859375
4921,0.084228515625,-1.002685546875,0.133056640625
4922,0.076416015625,-0.995849609375,0.140869140625
4923,0.07568359375,-0.993408203125,0.152587890625
4924,0.076904296875,-0.9912109375,0.171875
4925,0.07958984375,-0.9853515625,0.15966796875
4926,0.078857421875,-0.983154296875,0.150634765625
4927,0.082763671875,-0.966552734375,0.123291015625
4928,0.089599609375,-0.96435546875,0.11962890625
4929,0.08251953125,-0.982421875,0.142822265625
4930,0.072021484375,-0.9853515625,0.142578125
4931,0.067626953125,-0.98388671875,0.14599609375
4932,0.06494140625,-0.986083984375,0.139892578125
4933,0.060302734375,-0.996826171875,0.138427734375
4934,0.060302734375,-0.996826171875,0.138427734375
4935,0.054443359375,-1.004638671875,0.12890625
4936,0.050048828125,-1.01025390625,0.108154296875
4937,0.04296875,-1.016357421875,0.111083984375
4938,0.04443359375,-1.020751953125,0.139404296875
4939,0.0498046875,-1.02197265625,0.156005859375
4940,0.04638671875,-1.019287109375,0.15283203125
4941,0.053955078125,-1.025146484375,0.155029296875
4942,0.063232421875,-1.021728515625,0.14794921875
4943,0.064453125,-1.026611328125,0.15087890625
4944,0.068359375,-1.03515625,0.150634765625
4945,0.07421875,-1.0185546875,0.14501953125
4946,0.079345703125,-0.984375,0.142578125
4947,0.09228515625,-0.94921875,0.138916015625
4948,0.1015625,-0.940673828125,0.147216796875
4949,0.1015625,-0.940673828125,0.147216796875
4950,0.092041015625,-0.949951171875,0.1416015625
4951,0.0947265625,-0.960205078125,0.13671875
4952,0.106201171875,-0.97998046875,0.129150390625
4953,0.09228515625,-1.028076171875,0.1181640625
4954,0.055908203125,-1.066162109375,0.108154296875
4955,0.04833984375,-1.040771484375,0.111328125
4956,0.06640625,-0.977783203125,0.12109375
4957,0.07080078125,-0.914306640625,0.140625
4958,0.0791015625,-0.897705078125,0.169677734375
4959,0.066162109375,-0.948974609375,0.1728515625
4960,0.0263671875,-1.02197265625,0.1875
4961,0.036865234375,-1.0302734375,0.1640625
4962,0.07275390625,-1.025634765625,0.162109375
4963,0.0634765625,-1.073486328125,0.18603515625
4964,0.057861328125,-1.098876953125,0.15576171875
4965,0.0771484375,-1.05859375,0.114990234375
4966,0.057373046875,-1.0068359375,0.086181640625
4967,0.0419921875,-0.979248046875,0.115234375
4968,0.072021484375,-0.95654296875,0.147216796875
4969,0.072021484375,-0.95654296875,0.147216796875
4970,0.06640625,-0.97216796875,0.155517578125
4971,0.06005859375,-0.986572265625,0.170654296875
4972,0.08935546875,-0.959716796875,0.18994140625
4973,0.086181640625,-0.956298828125,0.16259765625
4974,0.0771484375,-1.018310546875,0.18603515625
4975,0.11376953125,-1.019775390625,0.15185546875
4976,0.123046875,-0.96142578125,0.006103515625
4977,0.077880859375,-0.9833984375,0.053466796875
4978,0.079833984375,-0.973876953125,0.11572265625
4979,0.07958984375,-0.974365234375,0.134033203125
4980,0.04931640625,-1.0302734375,0.1923828125
4981,0.071533203125,-0.999755859375,0.1552734375
4982,0.085205078125,-0.948486328125,0.097412109375
4983,0.085205078125,-0.948486328125,0.097412109375
4984,0.06103515625,-0.980712890625,0.159912109375
4985,0.0654296875,-1.016357421875,0.235107421875
4986,0.084716796875,-1.017822265625,0.192626953125
4987,0.062744140625,-1.05322265625,0.18896484375
4988,0.052978515625,-1.05224609375,0.191162109375
4989,0.065673828125,-1.01904296875,0.158447265625
4990,0.052734375,-1.01513671875,0.13671875
4991,0.05322265625,-0.996826171875,0.1015625
4992,0.066162109375,-0.96923828125,0.113525390625
4993,0.056884765625,-0.956787109375,0.0908203125
4994,0.05712890625,-0.9619140625,0.1142578125
4995,0.0732421875,-0.97021484375,0.162109375
4996,0.072509765625,-0.9951171875,0.12158203125
4997,0.072509765625,-0.9951171875,0.12158203125
4998,0.06298828125,-1.033203125,0.148681640625
4999,0.081787109375,-1.0244140625,0.16162109375
5000,0.086669921875,-1.00341796875,0.1181640625
5001,0.074951171875,-1.000244140625,0.115966796875
5002,0.079833984375,-0.986083984375,0.087646484375
5003,0.076171875,-0.996337890625,0.1103515625
5004,0.0673828125,-1.0078125,0.175048828125
5005,0.0703125,-0.983154296875,0.17724609375
5006,0.073974609375,-0.9794921875,0.148193359375
5007,0.069580078125,-0.995361328125,0.131591796875
5008,0.07568359375,-0.99609375,0.134765625
5009,0.0732421875,-0.997802734375,0.161865234375
5010,0.058349609375,-1.00830078125,0.180908203125
5011,0.058349609375,-1.00830078125,0.180908203125
5012,0.05224609375,-1.02392578125,0.180908203125
5013,0.05517578125,-1.030517578125,0.193359375
5014,0.063720703125,-0.981201171875,0.09814453125
5015,0.072265625,-0.955078125,0.063720703125
5016,0.069091796875,-0.9775390625,0.122314453125
5017,0.059814453125,-0.99609375,0.141845703125
5018,0.067138671875,-1.005126953125,0.173583984375
5019,0.0771484375,-1.005859375,0.182373046875
5020,0.071044921875,-0.998291015625,0.15087890625
5021,0.063720703125,-1.00634765625,0.145263671875
5022,0.074462890625,-1.006591796875,0.10888671875
5023,0.08740234375,-0.99267578125,0.08740234375
5024,0.08056640625,-0.996337890625,0.13330078125
5025,0.08056640625,-0.996337890625,0.13330078125
5026,0.0712890625,-0.9951171875,0.150634765625
5027,0.066650390625,-1.00732421875,0.168212890625
5028,0.068359375,-1.008056640625,0.1611328125
5029,0.07666015625,-0.987060546875,0.111572265625
5030,0.077880859375,-0.9775390625,0.0849609375
5031,0.07373046875,-0.977783203125,0.08642578125
5032,0.07275390625,-0.989013671875,0.124267578125
5033,0.07666015625,-1.006103515625,0.183349609375
5034,0.075439453125,-1.012939453125,0.203369140625
5035,0.070556640625,-1.017578125,0.21142578125
5036,0.067138671875,-1.00244140625,0.16357421875
5037,0.0654296875,-0.987060546875,0.10986328125
5038,0.076171875,-0.979248046875,0.099609375
5039,0.076171875,-0.979248046875,0.099609375
5040,0.078125,-0.97900390625,0.10888671875
5041,0.067138671875,-0.994140625,0.13623046875
5042,0.05615234375,-1.015380859375,0.18310546875
5043,0.0615234375,-1.021240234375,0.188232421875
5044,0.07568359375,-1.005615234375,0.1416015625
5045,0.072509765625,-1.005126953125,0.130859375
5046,0.06982421875,-1.000732421875,0.115966796875
5047,0.067138671875,-1.0,0.126953125
5048,0.06298828125,-1.002197265625,0.1494140625
5049,0.06591796875,-1.008544921875,0.157470703125
5050,0.063720703125,-1.003173828125,0.14013671875
5051,0.057861328125,-1.0,0.127685546875
5052,0.057861328125,-1.0,0.127685546875
5053,0.06787109375,-0.99267578125,0.115234375
5054,0.08056640625,-0.978515625,0.106201171875
5055,0.083251953125,-0.976806640625,0.111572265625
5056,0.080322265625,-0.984619140625,0.143798828125
5057,0.06982421875,-0.999267578125,0.173095703125
5058,0.069580078125,-1.00439453125,0.165771484375
5059,0.072021484375,-1.015869140625,0.1796875
5060,0.071044921875,-0.99609375,0.1337890625
5061,0.075439453125,-0.977783203125,0.118408203125
5062,0.07861328125,-0.994140625,0.16064453125
5063,0.0703125,-1.00830078125,0.170166015625
5064,0.06005859375,-1.009033203125,0.15576171875
5065,0.05615234375,-1.010986328125,0.15673828125
5066,0.063720703125,-1.0009765625,0.1259765625
5067,0.063720703125,-1.0009765625,0.1259765625
5068,0.072509765625,-0.992431640625,0.11328125
5069,0.070556640625,-0.98974609375,0.11669921875
5070,0.064453125,-0.998779296875,0.130859375
5071,0.06298828125,-1.003662109375,0.151123046875
5072,0.06591796875,-1.003662109375,0.1533203125
5073,0.068115234375,-1.01171875,0.173095703125
5074,0.074462890625,-0.999267578125,0.150146484375
5075,0.076904296875,-0.985107421875,0.1240234375
5076,0.072265625,-0.984375,0.122314453125
5077,0.071044921875,-0.9921875,0.13916015625
5078,0.0751953125,-0.995849609375,0.1513671875
5079,0.07666015625,-1.00537109375,0.16650390625
5080,0.07470703125,-0.998046875,0.142822265625
5081,0.08056640625,-0.98583984375,0.123291015625
5082,0.08056640625,-0.98583984375,0.123291015625
5083,0.0830078125,-0.991455078125,0.131591796875
5084,0.072509765625,-0.991455078125,0.123046875
5085,0.06689453125,-0.9892578125,0.1201171875
5086,0.065185546875,-1.000732421875,0.1337890625
5087,0.0634765625,-1.01123046875,0.156494140625
5088,0.0703125,-1.00830078125,0.169921875
5089,0.07080078125,-0.998046875,0.162841796875
5090,0.066650390625,-0.994384765625,0.158203125
5091,0.067626953125,-0.990234375,0.14794921875
5092,0.0703125,-0.987548828125,0.115966796875
5093,0.0654296875,-1.00048828125,0.127685546875
5094,0.0673828125,-1.0048828125,0.1533203125
5095,0.07275390625,-1.005859375,0.172119140625
5096,0.071533203125,-1.00048828125,0.165771484375
5097,0.069580078125,-0.992919921875,0.1435546875
5098,0.069580078125,-0.992919921875,0.1435546875
5099,0.070556640625,-0.98779296875,0.131103515625
5100,0.072265625,-0.994873046875,0.136474609375
5101,0.073974609375,-0.9951171875,0.142578125
5102,0.076171875,-0.99658203125,0.15185546875
5103,0.07568359375,-0.998046875,0.135498046875
5104,0.07666015625,-0.994140625,0.11376953125
5105,0.0732421875,-0.988525390625,0.112060546875
5106,0.072998046875,-0.98681640625,0.11474609375
5107,0.07080078125,-1.00146484375,0.145263671875
5108,0.067626953125,-1.009765625,0.166015625
5109,0.063232421875,-1.0068359375,0.159912109375
5110,0.064697265625,-0.99658203125,0.148193359375
5111,0.068115234375,-0.99267578125,0.1484375
5112,0.0673828125,-0.992919921875,0.1298828125
5113,0.0673828125,-0.992919921875,0.1298828125
5114,0.065185546875,-0.998779296875,0.127197265625
5115,0.067138671875,-1.00146484375,0.1396484375
5116,0.071044921875,-0.998046875,0.1494140625
5117,0.07080078125,-1.00341796875,0.16357421875
5118,0.070068359375,-1.0048828125,0.15966796875
5119,0.0654296875,-1.000244140625,0.140625
5120,0.0693359375,-0.991455078125,0.12744140625
5121,0.073974609375,-0.993408203125,0.132080078125
5122,0.06884765625,-1.0,0.149169921875
5123,0.0693359375,-0.9970703125,0.162109375
5124,0.071044921875,-0.99365234375,0.149169921875
5125,0.072998046875,-0.99365234375,0.146484375
5126,0.072509765625,-0.985595703125,0.127685546875
5127,0.070068359375,-0.986083984375,0.118896484375
5128,0.07080078125,-0.989990234375,0.11962890625
5129,0.07080078125,-0.989990234375,0.11962890625
5130,0.07177734375,-0.98974609375,0.1064453125
5131,0.070556640625,-1.003173828125,0.127197265625
5132,0.065185546875,-1.007568359375,0.15087890625
5133,0.061279296875,-1.01708984375,0.172607421875
5134,0.062255859375,-1.01025390625,0.1669921875
5135,0.070068359375,-1.001708984375,0.14697265625
5136,0.076171875,-0.991943359375,0.1220703125
5137,0.079833984375,-0.985107421875,0.12255859375
5138,0.076904296875,-0.994873046875,0.146484375
5139,0.072998046875,-0.996337890625,0.147216796875
5140,0.072998046875,-0.99951171875,0.147216796875
5141,0.068603515625,-0.996826171875,0.139404296875
5142,0.067138671875,-0.994140625,0.13671875
5143,0.07177734375,-0.9912109375,0.14111328125
5144,0.07177734375,-0.9912109375,0.14111328125
5145,0.072265625,-0.997802734375,0.146240234375
5146,0.070556640625,-0.997314453125,0.15087890625
5147,0.073486328125,-0.9912109375,0.14990234375
5148,0.06982421875,-0.9912109375,0.149658203125
5149,0.0693359375,-0.994873046875,0.165283203125
5150,0.068115234375,-0.994873046875,0.14208984375
5151,0.070556640625,-0.98681640625,0.096923828125
5152,0.072021484375,-0.99072265625,0.1015625
5153,0.06494140625,-0.9951171875,0.120361328125
5154,0.061279296875,-1.00927734375,0.149658203125
5155,0.061279296875,-1.01806640625,0.16552734375
5156,0.061767578125,-1.01513671875,0.150146484375
5157,0.061279296875,-1.00927734375,0.139404296875
5158,0.068603515625,-1.002685546875,0.138427734375
5159,0.073486328125,-1.002197265625,0.1416015625
5160,0.073486328125,-1.002197265625,0.1416015625
5161,0.071044921875,-1.00341796875,0.146728515625
5162,0.0654296875,-0.993896484375,0.140380859375
5163,0.068115234375,-0.99072265625,0.14990234375
5164,0.070068359375,-0.993896484375,0.150146484375
5165,0.068115234375,-0.9873046875,0.144287109375
5166,0.072265625,-0.985107421875,0.141845703125
5167,0.0732421875,-0.98486328125,0.127685546875
5168,0.071533203125,-0.98779296875,0.134521484375
5169,0.067626953125,-0.998291015625,0.16015625
5170,0.0615234375,-1.003662109375,0.167724609375
5171,0.065673828125,-1.0068359375,0.158447265625
5172,0.075439453125,-1.002685546875,0.147216796875
5173,0.071533203125,-0.998291015625,0.13720703125
5174,0.068115234375,-0.994140625,0.121337890625
5175,0.068115234375,-0.994140625,0.121337890625
5176,0.0673828125,-0.989990234375,0.11474609375
5177,0.0634765625,-0.998046875,0.132080078125
5178,0.063720703125,-1.0029296875,0.144775390625
5179,0.06591796875,-1.008056640625,0.15283203125
5180,0.0732421875,-1.001953125,0.1455078125
5181,0.07763671875,-1.001708984375,0.147705078125
5182,0.074951171875,-0.99462890625,0.128662109375
5183,0.070556640625,-0.9931640625,0.128173828125
5184,0.06689453125,-0.9951171875,0.135986328125
5185,0.068359375,-0.996826171875,0.14697265625
5186,0.06689453125,-0.999267578125,0.15771484375
5187,0.068603515625,-0.99658203125,0.13916015625
5188,0.077392578125,-0.994873046875,0.135986328125
5189,0.081298828125,-0.98681640625,0.135986328125
5190,0.07373046875,-0.990966796875,0.141357421875
5191,0.06591796875,-0.98974609375,0.13720703125
5192,0.06591796875,-0.98974609375,0.13720703125
5193,0.067138671875,-1.00146484375,0.152587890625
5194,0.067626953125,-0.997314453125,0.14306640625
5195,0.070068359375,-0.995849609375,0.14306640625
5196,0.072998046875,-0.99853515625,0.13720703125
5197,0.0703125,-0.994873046875,0.139892578125
5198,0.068603515625,-1.005615234375,0.156982421875
5199,0.069580078125,-1.004638671875,0.146728515625
5200,0.068115234375,-1.00830078125,0.15234375
5201,0.070556640625,-1.002685546875,0.1357421875
5202,0.072998046875,-0.99853515625,0.1298828125
5203,0.07080078125,-0.9990234375,0.13525390625
5204,0.0703125,-0.9970703125,0.137939453125
5205,0.068115234375,-0.996826171875,0.1396484375
5206,0.068115234375,-0.996826171875,0.1396484375
5207,0.066162109375,-1.004150390625,0.152099609375
5208,0.06689453125,-1.0078125,0.16259765625
5209,0.07080078125,-0.99560546875,0.16015625
5210,0.07568359375,-0.9921875,0.146728515625
5211,0.07861328125,-0.98583984375,0.131103515625
5212,0.0771484375,-0.988525390625,0.126953125
5213,0.0673828125,-0.991455078125,0.120361328125
5214,0.066162109375,-0.9892578125,0.121826171875
5215,0.0654296875,-0.995849609375,0.13818359375
5216,0.06640625,-0.997314453125,0.13232421875
5217,0.07080078125,-1.003662109375,0.135009765625
5218,0.0703125,-0.99755859375,0.138671875
5219,0.06787109375,-0.999755859375,0.136962890625
5220,0.06787109375,-0.999755859375,0.136962890625
5221,0.064453125,-1.005126953125,0.143798828125
5222,0.066162109375,-1.010498046875,0.152099609375
5223,0.066162109375,-1.010498046875,0.164794921875
5224,0.0693359375,-1.00244140625,0.1591796875
5225,0.0673828125,-1.002685546875,0.149169921875
5226,0.0703125,-0.991455078125,0.131103515625
5227,0.0712890625,-0.99365234375,0.1328125
5228,0.06689453125,-0.9912109375,0.1337890625
5229,0.071533203125,-0.9990234375,0.153564453125
5230,0.07470703125,-0.99951171875,0.152587890625
5231,0.077880859375,-0.99365234375,0.1494140625
5232,0.07275390625,-0.991943359375,0.148681640625
5233,0.069091796875,-0.990234375,0.134033203125
5234,0.069091796875,-0.990234375,0.134033203125
5235,0.06982421875,-0.9931640625,0.137451171875
5236,0.068115234375,-0.98974609375,0.128173828125
5237,0.069091796875,-0.999267578125,0.139404296875
5238,0.070068359375,-0.999267578125,0.138916015625
5239,0.068359375,-1.000244140625,0.13916015625
5240,0.06787109375,-0.9970703125,0.13671875
5241,0.067138671875,-1.0009765625,0.134033203125
5242,0.06689453125,-1.00634765625,0.133544921875
5243,0.072265625,-1.005615234375,0.142333984375
5244,0.073974609375,-1.0087890625,0.15576171875
5245,0.07177734375,-1.002685546875,0.156005859375
5246,0.07275390625,-1.000244140625,0.157958984375
5247,0.0732421875,-0.993408203125,0.143310546875
5248,0.0732421875,-0.993408203125,0.143310546875
5249,0.074462890625,-0.99169921875,0.134033203125
5250,0.0751953125,-0.99267578125,0.1298828125
5251,0.072998046875,-0.994140625,0.130126953125
5252,0.0732421875,-0.9990234375,0.139892578125
5253,0.075927734375,-0.99755859375,0.15234375
5254,0.0732421875,-0.993408203125,0.147705078125
5255,0.06982421875,-0.98974609375,0.13671875
5256,0.070556640625,-0.992919921875,0.145751953125
5257,0.070556640625,-0.99365234375,0.14013671875
5258,0.069580078125,-0.9970703125,0.138916015625
5259,0.07177734375,-0.99951171875,0.152099609375
5260,0.072265625,-0.99951171875,0.151611328125
5261,0.068359375,-1.000732421875,0.14599609375
5262,0.068359375,-1.000732421875,0.14599609375
5263,0.068115234375,-0.9951171875,0.129150390625
5264,0.070068359375,-0.98974609375,0.12646484375
5265,0.06982421875,-0.9951171875,0.121826171875
5266,0.072265625,-1.005859375,0.12255859375
5267,0.075927734375,-1.00537109375,0.141357421875
5268,0.0703125,-1.0048828125,0.150146484375
5269,0.065673828125,-1.004150390625,0.148681640625
5270,0.06201171875,-1.006103515625,0.148681640625
5271,0.065185546875,-1.001220703125,0.143798828125
5272,0.069091796875,-0.992919921875,0.13623046875
5273,0.071533203125,-0.994140625,0.141357421875
5274,0.075927734375,-0.990234375,0.130859375
5275,0.0693359375,-0.993896484375,0.150146484375
5276,0.0693359375,-0.993896484375,0.150146484375
5277,0.06787109375,-1.001708984375,0.16650390625
5278,0.065185546875,-1.0009765625,0.154296875
5279,0.068359375,-0.99658203125,0.14404296875
5280,0.0703125,-0.997802734375,0.128662109375
5281,0.06982421875,-0.999267578125,0.134033203125
5282,0.068603515625,-0.99609375,0.138916015625
5283,0.06494140625,-0.998046875,0.1376953125
5284,0.072021484375,-1.0,0.14453125
5285,0.068603515625,-1.00634765625,0.148193359375
5286,0.069580078125,-1.007080078125,0.139892578125
5287,0.07421875,-1.001953125,0.137451171875
5288,0.073974609375,-1.00048828125,0.140625
5289,0.072998046875,-1.002685546875,0.141357421875
5290,0.07177734375,-1.007080078125,0.15087890625
5291,0.07177734375,-1.007080078125,0.15087890625
5292,0.074462890625,-0.998779296875,0.141357421875
5293,0.070068359375,-0.992431640625,0.140625
5294,0.074462890625,-0.992431640625,0.151123046875
5295,0.075927734375,-0.994140625,0.14306640625
5296,0.07177734375,-0.99365234375,0.145751953125
5297,0.07080078125,-0.98828125,0.14306640625
5298,0.072998046875,-0.99169921875,0.152099609375
5299,0.07275390625,-0.994873046875,0.149658203125
5300,0.068359375,-0.997314453125,0.1337890625
5301,0.073486328125,-0.99609375,0.131103515625
5302,0.071044921875,-0.991455078125,0.125
5303,0.0703125,-0.996826171875,0.126953125
5304,0.068359375,-0.99951171875,0.129638671875
5305,0.06494140625,-1.00439453125,0.145263671875
5306,0.06396484375,-1.010498046875,0.1533203125
5307,0.06396484375,-1.010498046875,0.1533203125
5308,0.0654296875,-1.009033203125,0.15380859375
5309,0.069580078125,-1.0009765625,0.145751953125
5310,0.069580078125,-0.995849609375,0.138916015625
5311,0.069580078125,-0.997802734375,0.15283203125
5312,0.06884765625,-0.995361328125,0.1435546875
5313,0.06982421875,-0.9951171875,0.142822265625
5314,0.072998046875,-0.9951171875,0.147705078125
5315,0.07470703125,-0.9921875,0.138916015625
5316,0.075439453125,-0.994873046875,0.14990234375
5317,0.07470703125,-0.9921875,0.146484375
5318,0.071044921875,-0.99072265625,0.140869140625
5319,0.07080078125,-0.99365234375,0.14501953125
5320,0.068359375,-0.991943359375,0.14208984375
5321,0.06982421875,-0.9912109375,0.1328125
5322,0.06982421875,-0.9912109375,0.1328125
5323,0.071533203125,-0.993408203125,0.12890625
5324,0.06640625,-0.9931640625,0.120361328125
5325,0.06787109375,-1.002197265625,0.126953125
5326,0.068359375,-1.00634765625,0.13916015625
5327,0.064453125,-1.0048828125,0.13525390625
5328,0.064697265625,-1.005859375,0.142822265625
5329,0.066650390625,-1.00048828125,0.13525390625
5330,0.06689453125,-1.006591796875,0.141357421875
5331,0.0693359375,-1.0078125,0.149658203125
5332,0.069091796875,-1.0009765625,0.148681640625
5333,0.06494140625,-0.994140625,0.1572265625
5334,0.060546875,-0.988525390625,0.15185546875
5335,0.054443359375,-0.988525390625,0.141845703125
5336,0.050048828125,-0.99853515625,0.148681640625
5337,0.052978515625,-1.00732421875,0.15185546875
5338,0.052978515625,-1.00732421875,0.15185546875
5339,0.06298828125,-1.001953125,0.130126953125
5340,0.068359375,-0.995849609375,0.126220703125
5341,0.069580078125,-0.992919921875,0.135498046875
5342,0.064453125,-0.999267578125,0.141357421875
5343,0.057861328125,-1.012451171875,0.154296875
5344,0.056396484375,-1.017578125,0.146240234375
5345,0.059326171875,-1.010986328125,0.122314453125
5346,0.0703125,-1.000244140625,0.117431640625
5347,0.075439453125,-0.9951171875,0.128662109375
5348,0.06884765625,-0.990966796875,0.133056640625
5349,0.06640625,-0.995849609375,0.130859375
5350,0.0712890625,-1.001953125,0.147705078125
5351,0.07861328125,-1.001708984375,0.1572265625
5352,0.083984375,-0.996826171875,0.14453125
5353,0.083984375,-0.996826171875,0.14453125
5354,0.090087890625,-0.9873046875,0.139404296875
5355,0.09033203125,-0.981689453125,0.134033203125
5356,0.087890625,-0.979248046875,0.1396484375
5357,0.088134765625,-0.989990234375,0.159912109375
5358,0.0849609375,-0.992431640625,0.156982421875
5359,0.084228515625,-0.986083984375,0.144775390625
5360,0.085693359375,-0.982666015625,0.138427734375
5361,0.087646484375,-0.975830078125,0.13671875
5362,0.0830078125,-0.978515625,0.146728515625
5363,0.075927734375,-0.9921875,0.155517578125
5364,0.071044921875,-0.998779296875,0.153564453125
5365,0.071533203125,-0.999267578125,0.146484375
5366,0.078369140625,-0.992919921875,0.13671875
5367,0.07958984375,-0.994873046875,0.1396484375
5368,0.07958984375,-0.994873046875,0.1396484375
5369,0.074951171875,-1.00537109375,0.151611328125
5370,0.0693359375,-1.003173828125,0.135009765625
5371,0.06494140625,-1.00390625,0.127197265625
5372,0.071044921875,-1.00048828125,0.121826171875
5373,0.0771484375,-0.998779296875,0.123046875
5374,0.07958984375,-1.001220703125,0.146484375
5375,0.07763671875,-0.998291015625,0.151123046875
5376,0.0693359375,-0.99560546875,0.140380859375
5377,0.0693359375,-0.992431640625,0.1298828125
5378,0.0703125,-0.99560546875,0.1328125
5379,0.06982421875,-0.9990234375,0.135498046875
5380,0.070556640625,-0.999755859375,0.136962890625
5381,0.0693359375,-0.994384765625,0.142578125
5382,0.06494140625,-0.99755859375,0.152099609375
5383,0.056884765625,-1.0009765625,0.152099609375
5384,0.053466796875,-0.998046875,0.14013671875
5385,0.053466796875,-0.998046875,0.14013671875
5386,0.052490234375,-1.00146484375,0.132080078125
5387,0.05810546875,-1.00244140625,0.128662109375
5388,0.0615234375,-1.005615234375,0.13330078125
5389,0.057373046875,-1.007568359375,0.14794921875
5390,0.0537109375,-1.00830078125,0.157470703125
5391,0.057861328125,-1.002685546875,0.142578125
5392,0.063232421875,-0.9970703125,0.140869140625
5393,0.06201171875,-0.99951171875,0.141357421875
5394,0.06494140625,-1.00390625,0.1455078125
5395,0.06982421875,-1.0048828125,0.1533203125
5396,0.072998046875,-1.00244140625,0.137939453125
5397,0.0712890625,-0.99755859375,0.138671875
5398,0.070068359375,-0.987060546875,0.139892578125
5399,0.06591796875,-0.99072265625,0.14208984375
5400,0.062744140625,-0.99951171875,0.143798828125
5401,0.062744140625,-0.99951171875,0.143798828125
5402,0.069091796875,-0.993408203125,0.13671875
5403,0.07421875,-0.990478515625,0.134521484375
5404,0.073974609375,-0.99609375,0.135009765625
5405,0.07470703125,-0.99560546875,0.142333984375
5406,0.075439453125,-0.9970703125,0.143798828125
5407,0.0751953125,-0.9951171875,0.1416015625
5408,0.0791015625,-0.98974609375,0.1328125
5409,0.075439453125,-0.99755859375,0.136474609375
5410,0.073974609375,-0.99365234375,0.144775390625
5411,0.075927734375,-0.9892578125,0.144287109375
5412,0.0693359375,-0.995361328125,0.147705078125
5413,0.068359375,-0.997802734375,0.14306640625
5414,0.072509765625,-0.999267578125,0.1474609375
5415,0.072509765625,-0.999267578125,0.1474609375
5416,0.072021484375,-1.007568359375,0.15771484375
5417,0.075439453125,-1.0078125,0.149658203125
5418,0.07763671875,-0.992919921875,0.130615234375
5419,0.073974609375,-0.985107421875,0.126220703125
5420,0.0732421875,-0.98828125,0.140625
5421,0.07275390625,-0.997802734375,0.150634765625
5422,0.071533203125,-0.9970703125,0.142333984375
5423,0.07080078125,-0.98974609375,0.1337890625
5424,0.07568359375,-0.98779296875,0.1416015625
5425,0.075439453125,-0.992431640625,0.142578125
5426,0.067138671875,-1.003662109375,0.142333984375
5427,0.0703125,-1.004150390625,0.1396484375
5428,0.072509765625,-1.00048828125,0.1240234375
5429,0.072509765625,-1.00048828125,0.1240234375
5430,0.06982421875,-0.998779296875,0.114501953125
5431,0.071044921875,-0.99658203125,0.12646484375
5432,0.0673828125,-1.0,0.142578125
5433,0.06201171875,-1.007568359375,0.136962890625
5434,0.058837890625,-1.007080078125,0.12939453125
5435,0.05810546875,-1.0009765625,0.12890625
5436,0.0625,-0.999267578125,0.142333984375
5437,0.064453125,-1.001220703125,0.16748046875
5438,0.0595703125,-1.0068359375,0.175537109375
5439,0.060302734375,-1.004638671875,0.155029296875
5440,0.0595703125,-1.00927734375,0.15087890625
5441,0.06396484375,-1.008544921875,0.150390625
5442,0.072509765625,-0.99365234375,0.136962890625
5443,0.072509765625,-0.99365234375,0.136962890625
5444,0.07177734375,-0.98876953125,0.14111328125
5445,0.06787109375,-0.988525390625,0.138427734375
5446,0.0654296875,-0.9921875,0.132568359375
5447,0.061767578125,-0.996337890625,0.138671875
5448,0.056396484375,-0.997802734375,0.145263671875
5449,0.061767578125,-0.998779296875,0.142578125
5450,0.070068359375,-0.998291015625,0.136474609375
5451,0.069091796875,-0.994140625,0.12890625
5452,0.06591796875,-0.99853515625,0.142822265625
5453,0.0673828125,-1.004150390625,0.15576171875
5454,0.068359375,-1.002197265625,0.147705078125
5455,0.0693359375,-1.00146484375,0.142822265625
5456,0.07275390625,-0.996337890625,0.133544921875
5457,0.07275390625,-0.996337890625,0.133544921875
5458,0.07373046875,-0.99560546875,0.13623046875
5459,0.069580078125,-0.998291015625,0.140380859375
5460,0.070556640625,-0.9951171875,0.13623046875
5461,0.07177734375,-0.9892578125,0.1337890625
5462,0.068359375,-0.995361328125,0.1494140625
5463,0.07470703125,-0.99755859375,0.166748046875
5464,0.087158203125,-0.99169921875,0.166259765625
5465,0.090087890625,-0.991455078125,0.167724609375
5466,0.08837890625,-0.987548828125,0.159423828125
5467,0.08984375,-0.988037109375,0.15087890625
5468,0.08837890625,-0.993408203125,0.14697265625
5469,0.081298828125,-0.996337890625,0.148193359375
5470,0.075439453125,-0.9970703125,0.146728515625
5471,0.075439453125,-0.9970703125,0.146728515625
5472,0.072265625,-1.004150390625,0.14208984375
5473,0.068115234375,-1.011474609375,0.1484375
5474,0.068603515625,-1.012939453125,0.14990234375
5475,0.072998046875,-1.008056640625,0.153076171875
5476,0.0751953125,-0.99755859375,0.150390625
5477,0.076904296875,-0.989501953125,0.152587890625
5478,0.080810546875,-0.98388671875,0.15478515625
5479,0.076416015625,-0.983642578125,0.13232421875
5480,0.066650390625,-0.988525390625,0.113525390625
5481,0.0625,-0.9990234375,0.108154296875
5482,0.062744140625,-1.0078125,0.10107421875
5483,0.0625,-1.0107421875,0.1103515625
5484,0.0595703125,-1.009033203125,0.12646484375
5485,0.0595703125,-1.009033203125,0.12646484375
5486,0.06103515625,-1.00048828125,0.1318359375
5487,0.0673828125,-0.99169921875,0.13623046875
5488,0.069091796875,-0.98681640625,0.126953125
5489,0.06494140625,-0.987060546875,0.122802734375
5490,0.062744140625,-0.991943359375,0.132568359375
5491,0.062744140625,-1.0,0.134033203125
5492,0.062255859375,-1.00146484375,0.12939453125
5493,0.062255859375,-1.003173828125,0.1279296875
5494,0.05908203125,-1.008544921875,0.13427734375
5495,0.058837890625,-1.004638671875,0.14794921875
5496,0.06201171875,-1.005126953125,0.144287109375
5497,0.059326171875,-1.011474609375,0.1376953125
5498,0.054931640625,-1.014404296875,0.144287109375
5499,0.054931640625,-1.014404296875,0.144287109375
5500,0.054931640625,-1.011962890625,0.140625
5501,0.056396484375,-1.007568359375,0.15478515625
5502,0.060546875,-1.004638671875,0.17431640625
5503,0.067626953125,-0.998291015625,0.165283203125
5504,0.073486328125,-0.990966796875,0.1640625
5505,0.078125,-0.983154296875,0.157470703125
5506,0.07421875,-0.984375,0.144775390625
5507,0.068603515625,-0.992919921875,0.13720703125
5508,0.0712890625,-0.997802734375,0.1220703125
5509,0.06884765625,-1.004150390625,0.11572265625
5510,0.06005859375,-1.01025390625,0.1181640625
5511,0.063232421875,-1.01220703125,0.1240234375
5512,0.0732421875,-1.007080078125,0.144775390625
5513,0.0791015625,-1.00146484375,0.156005859375
5514,0.084228515625,-0.993896484375,0.148681640625
5515,0.08154296875,-0.98193359375,0.1494140625
5516,0.08154296875,-0.98193359375,0.1494140625
5517,0.08251953125,-0.974609375,0.1396484375
5518,0.086669921875,-0.97509765625,0.130859375
5519,0.0810546875,-0.98291015625,0.136962890625
5520,0.078369140625,-0.990234375,0.1240234375
5521,0.07666015625,-1.0029296875,0.128173828125
5522,0.0751953125,-1.013427734375,0.14453125
5523,0.07177734375,-1.011962890625,0.136962890625
5524,0.068359375,-1.007568359375,0.139892578125
5525,0.07275390625,-0.9990234375,0.142822265625
5526,0.0751953125,-0.98779296875,0.135498046875
5527,0.080322265625,-0.986083984375,0.147216796875
5528,0.079833984375,-0.98974609375,0.1572265625
5529,0.07177734375,-0.99609375,0.16015625
5530,0.070556640625,-0.998779296875,0.16162109375
5531,0.070556640625,-0.998779296875,0.16162109375
5532,0.0703125,-0.99853515625,0.1533203125
5533,0.06787109375,-1.006103515625,0.155517578125
5534,0.069580078125,-1.004150390625,0.151123046875
5535,0.073486328125,-1.002685546875,0.14404296875
5536,0.07080078125,-1.0029296875,0.143310546875
5537,0.06884765625,-0.99609375,0.136962890625
5538,0.0654296875,-0.996826171875,0.138427734375
5539,0.063720703125,-1.00244140625,0.147705078125
5540,0.064697265625,-1.00244140625,0.1484375
5541,0.063720703125,-0.994140625,0.14111328125
5542,0.06689453125,-0.989013671875,0.14404296875
5543,0.068115234375,-0.995849609375,0.153564453125
5544,0.06591796875,-1.004150390625,0.168212890625
5545,0.06591796875,-1.006103515625,0.170166015625
5546,0.06494140625,-1.009765625,0.1552734375
5547,0.06494140625,-1.009765625,0.1552734375
5548,0.064208984375,-1.01025390625,0.13916015625
5549,0.06298828125,-1.001708984375,0.120849609375
5550,0.057861328125,-0.999267578125,0.115234375
5551,0.0595703125,-0.99853515625,0.1220703125
5552,0.066650390625,-0.993408203125,0.1279296875
5553,0.06884765625,-0.99609375,0.14306640625
5554,0.066650390625,-0.994384765625,0.14453125
5555,0.069091796875,-0.98974609375,0.130126953125
5556,0.0693359375,-0.996337890625,0.13134765625
5557,0.065185546875,-0.998779296875,0.12744140625
5558,0.06689453125,-1.007080078125,0.133056640625
5559,0.065673828125,-1.013427734375,0.139892578125
5560,0.0673828125,-1.000244140625,0.1259765625
5561,0.073486328125,-0.997802734375,0.129150390625
5562,0.073486328125,-0.997802734375,0.129150390625
5563,0.07763671875,-0.997802734375,0.137939453125
5564,0.0771484375,-0.984375,0.13134765625
5565,0.07421875,-0.98388671875,0.131591796875
5566,0.07666015625,-0.9912109375,0.14013671875
5567,0.07373046875,-0.99267578125,0.132568359375
5568,0.07080078125,-1.000732421875,0.13330078125
5569,0.0703125,-1.004150390625,0.153564453125
5570,0.0712890625,-0.9990234375,0.16796875
5571,0.076171875,-0.9951171875,0.17431640625
5572,0.079833984375,-0.992919921875,0.170166015625
5573,0.078857421875,-0.996337890625,0.1630859375
5574,0.075439453125,-0.99560546875,0.155517578125
5575,0.072265625,-0.991943359375,0.146240234375
5576,0.06982421875,-0.99365234375,0.140869140625
5577,0.072509765625,-0.995361328125,0.136474609375
5578,0.072509765625,-0.995361328125,0.136474609375
5579,0.072021484375,-0.99072265625,0.137451171875
5580,0.07080078125,-0.98828125,0.148193359375
5581,0.0751953125,-1.00146484375,0.155029296875
5582,0.072998046875,-1.005615234375,0.15869140625
5583,0.072998046875,-1.0,0.158447265625
5584,0.077880859375,-0.998046875,0.148681640625
5585,0.070068359375,-0.99951171875,0.1416015625
5586,0.068359375,-0.999755859375,0.118408203125
5587,0.073486328125,-0.9970703125,0.1044921875
5588,0.072998046875,-1.00244140625,0.1142578125
5589,0.075927734375,-0.998779296875,0.11083984375
5590,0.076171875,-0.994873046875,0.121826171875
5591,0.07421875,-0.9970703125,0.13037109375
5592,0.076171875,-0.99267578125,0.12109375
5593,0.072509765625,-0.999267578125,0.12939453125
5594,0.072509765625,-0.999267578125,0.12939453125
5595,0.067138671875,-1.005126953125,0.131591796875
5596,0.070556640625,-1.00341796875,0.1337890625
5597,0.067138671875,-1.00341796875,0.14208984375
5598,0.064208984375,-0.99853515625,0.126220703125
5599,0.0703125,-1.004638671875,0.13671875
5600,0.066162109375,-1.00732421875,0.146240234375
5601,0.06201171875,-0.998291015625,0.142578125
5602,0.065185546875,-1.001708984375,0.16064453125
5603,0.06201171875,-1.002685546875,0.15283203125
5604,0.061279296875,-1.0,0.151611328125
5605,0.06640625,-1.0029296875,0.159912109375
5606,0.060791015625,-0.999267578125,0.15380859375
5607,0.062255859375,-0.995849609375,0.157958984375
5608,0.069580078125,-1.00048828125,0.162353515625
5609,0.069580078125,-1.00048828125,0.162353515625
5610,0.065673828125,-1.0029296875,0.150390625
5611,0.061279296875,-0.99658203125,0.1181640625
5612,0.059326171875,-0.999755859375,0.11767578125
5613,0.065673828125,-1.002197265625,0.13525390625
5614,0.06103515625,-1.0009765625,0.136474609375
5615,0.064208984375,-1.00146484375,0.138427734375
5616,0.07470703125,-0.99658203125,0.136474609375
5617,0.070068359375,-0.99169921875,0.13037109375
5618,0.07666015625,-0.987060546875,0.126953125
5619,0.078125,-0.984130859375,0.123779296875
5620,0.072509765625,-0.9912109375,0.134033203125
5621,0.076171875,-1.00537109375,0.14111328125
5622,0.07373046875,-1.005859375,0.137451171875
5623,0.0693359375,-0.991455078125,0.12646484375
5624,0.074462890625,-0.99072265625,0.12744140625
5625,0.074951171875,-1.00341796875,0.148681640625
5626,0.074951171875,-1.00341796875,0.148681640625
5627,0.072509765625,-0.9990234375,0.14306640625
5628,0.079833984375,-0.994873046875,0.155029296875
5629,0.083740234375,-0.99267578125,0.165283203125
5630,0.080322265625,-0.9873046875,0.163818359375
5631,0.08447265625,-0.98828125,0.16943359375
5632,0.076904296875,-0.9931640625,0.158935546875
5633,0.067626953125,-0.994873046875,0.14404296875
5634,0.071044921875,-1.006591796875,0.1396484375
5635,0.065185546875,-1.012451171875,0.142333984375
5636,0.062744140625,-1.0087890625,0.142822265625
5637,0.06640625,-1.010009765625,0.150146484375
5638,0.065185546875,-1.00927734375,0.155029296875
5639,0.06591796875,-1.00048828125,0.152587890625
5640,0.06591796875,-1.00048828125,0.152587890625
5641,0.075439453125,-0.99072265625,0.164306640625
5642,0.072998046875,-0.985595703125,0.163330078125
5643,0.0693359375,-0.983642578125,0.14306640625
5644,0.073486328125,-0.990234375,0.140380859375
5645,0.064208984375,-0.994384765625,0.1396484375
5646,0.06591796875,-1.005859375,0.146240234375
5647,0.07177734375,-1.012939453125,0.150634765625
5648,0.065673828125,-1.002197265625,0.14453125
5649,0.069091796875,-0.998779296875,0.14208984375
5650,0.07666015625,-1.00048828125,0.14208984375
5651,0.06884765625,-1.0,0.146728515625
5652,0.066650390625,-0.998779296875,0.140625
5653,0.068115234375,-0.9990234375,0.1259765625
5654,0.065673828125,-1.002197265625,0.127197265625
5655,0.065673828125,-1.002197265625,0.127197265625
5656,0.069580078125,-0.993896484375,0.13037109375
5657,0.060791015625,-0.99755859375,0.148193359375
5658,0.064208984375,-1.008056640625,0.166259765625
5659,0.073974609375,-1.0078125,0.16796875
5660,0.061279296875,-0.99853515625,0.15576171875
5661,0.064208984375,-0.998779296875,0.146484375
5662,0.0693359375,-1.0,0.143310546875
5663,0.0634765625,-0.989501953125,0.12109375
5664,0.064697265625,-0.992919921875,0.125732421875
5665,0.0712890625,-0.997802734375,0.136474609375
5666,0.07275390625,-0.99462890625,0.129638671875
5667,0.068603515625,-0.99560546875,0.130126953125
5668,0.072021484375,-0.9990234375,0.144775390625
5669,0.072021484375,-0.9990234375,0.144775390625
5670,0.076904296875,-1.0009765625,0.147705078125
5671,0.072265625,-0.997802734375,0.134765625
5672,0.075439453125,-0.995361328125,0.139892578125
5673,0.077392578125,-0.99365234375,0.134033203125
5674,0.067626953125,-0.99755859375,0.127685546875
5675,0.07470703125,-1.001953125,0.137939453125
5676,0.080078125,-0.994384765625,0.13330078125
5677,0.073974609375,-0.99658203125,0.133544921875
5678,0.076904296875,-0.99658203125,0.13916015625
5679,0.08154296875,-0.990966796875,0.13525390625
5680,0.074951171875,-0.992431640625,0.130615234375
5681,0.073486328125,-0.9990234375,0.141357421875
5682,0.074462890625,-0.9990234375,0.143310546875
5683,0.074462890625,-0.9990234375,0.143310546875
5684,0.06884765625,-1.004150390625,0.157958984375
5685,0.06982421875,-1.0068359375,0.161865234375
5686,0.06689453125,-0.99267578125,0.137939453125
5687,0.070068359375,-0.992919921875,0.14404296875
5688,0.07568359375,-0.996337890625,0.142578125
5689,0.06787109375,-0.996826171875,0.13818359375
5690,0.064697265625,-1.0048828125,0.137451171875
5691,0.06494140625,-1.001708984375,0.125244140625
5692,0.072021484375,-1.00146484375,0.124267578125
5693,0.07080078125,-1.001953125,0.12890625
5694,0.070068359375,-0.995361328125,0.140869140625
5695,0.078125,-0.989013671875,0.14306640625
5696,0.07275390625,-0.985595703125,0.132080078125
5697,0.07275390625,-0.985595703125,0.132080078125
5698,0.0732421875,-0.994140625,0.15087890625
5699,0.079345703125,-0.99072265625,0.151611328125
5700,0.073486328125,-0.994873046875,0.149658203125
5701,0.06884765625,-1.0029296875,0.15576171875
5702,0.069091796875,-0.998779296875,0.139892578125
5703,0.066162109375,-1.001220703125,0.137451171875
5704,0.07275390625,-1.001708984375,0.150390625
5705,0.074951171875,-0.9970703125,0.146728515625
5706,0.0654296875,-0.995849609375,0.138671875
5707,0.069580078125,-0.994384765625,0.126220703125
5708,0.068115234375,-1.00537109375,0.1455078125
5709,0.0595703125,-1.00732421875,0.15771484375
5710,0.0634765625,-1.000732421875,0.14306640625
5711,0.052734375,-1.010986328125,0.15869140625
5712,0.052734375,-1.010986328125,0.15869140625
5713,0.057373046875,-1.010986328125,0.157470703125
5714,0.072265625,-0.999755859375,0.140869140625
5715,0.06298828125,-0.994873046875,0.13671875
5716,0.06494140625,-0.99755859375,0.1513671875
5717,0.077392578125,-0.99609375,0.150634765625
5718,0.065185546875,-0.99609375,0.1357421875
5719,0.06689453125,-0.9970703125,0.12353515625
5720,0.079345703125,-0.99609375,0.122314453125
5721,0.065185546875,-0.99853515625,0.13134765625
5722,0.068359375,-0.99658203125,0.128662109375
5723,0.081298828125,-0.991455078125,0.123046875
5724,0.072998046875,-0.998291015625,0.132080078125
5725,0.07080078125,-0.99755859375,0.139892578125
5726,0.078125,-0.996826171875,0.139404296875
5727,0.078125,-0.996826171875,0.139404296875
5728,0.0732421875,-1.001708984375,0.1455078125
5729,0.072021484375,-1.000244140625,0.137939453125
5730,0.0712890625,-1.002197265625,0.1220703125
5731,0.0673828125,-1.000732421875,0.123046875
5732,0.07373046875,-1.0,0.14013671875
5733,0.0771484375,-0.997314453125,0.143798828125
5734,0.070556640625,-0.996337890625,0.139892578125
5735,0.076171875,-1.00048828125,0.154296875
5736,0.080810546875,-0.999755859375,0.171875
5737,0.072021484375,-0.990478515625,0.163330078125
5738,0.07080078125,-0.98828125,0.142578125
5739,0.074462890625,-0.998046875,0.148681640625
5740,0.075439453125,-0.998779296875,0.15234375
5741,0.07275390625,-0.989990234375,0.134765625
5742,0.0703125,-0.993408203125,0.132568359375
5743,0.0703125,-0.993408203125,0.132568359375
5744,0.070068359375,-0.999267578125,0.145751953125
5745,0.0703125,-0.997802734375,0.1455078125
5746,0.0693359375,-1.0009765625,0.1455078125
5747,0.067626953125,-0.994873046875,0.132568359375
5748,0.06982421875,-0.995849609375,0.138671875
5749,0.06591796875,-1.000732421875,0.169921875
5750,0.068359375,-0.993896484375,0.160400390625
5751,0.072509765625,-0.995849609375,0.138427734375
5752,0.068359375,-1.000732421875,0.14404296875
5753,0.074462890625,-0.997802734375,0.138671875
5754,0.07421875,-0.99609375,0.134033203125
5755,0.063232421875,-0.99951171875,0.143310546875
5756,0.068359375,-0.998046875,0.12890625
5757,0.072265625,-1.00048828125,0.13134765625
5758,0.072265625,-1.00048828125,0.13134765625
5759,0.072021484375,-0.997314453125,0.142578125
5760,0.070556640625,-0.99267578125,0.13330078125
5761,0.0654296875,-1.003173828125,0.131103515625
5762,0.068115234375,-1.0009765625,0.13330078125
5763,0.06689453125,-0.993408203125,0.12646484375
5764,0.060546875,-0.998046875,0.121826171875
5765,0.06494140625,-1.00341796875,0.13232421875
5766,0.074462890625,-1.002197265625,0.150146484375
5767,0.07275390625,-0.995849609375,0.142578125
5768,0.07080078125,-0.989013671875,0.11865234375
5769,0.065185546875,-0.989501953125,0.11279296875
5770,0.0654296875,-1.00341796875,0.135986328125
5771,0.068115234375,-1.0078125,0.1630859375
5772,0.064453125,-0.9931640625,0.142822265625
5773,0.062744140625,-0.9921875,0.134765625
5774,0.062744140625,-0.9921875,0.134765625
5775,0.066162109375,-1.003662109375,0.16015625
5776,0.069091796875,-1.002197265625,0.1708984375
5777,0.06494140625,-0.993896484375,0.153564453125
5778,0.06640625,-0.99755859375,0.141357421875
5779,0.069091796875,-1.003173828125,0.1513671875
5780,0.071533203125,-0.996337890625,0.156982421875
5781,0.07666015625,-0.99365234375,0.15625
5782,0.078369140625,-0.991943359375,0.14501953125
5783,0.0732421875,-0.986083984375,0.139404296875
5784,0.07470703125,-0.98876953125,0.140380859375
5785,0.068115234375,-0.9921875,0.134765625
5786,0.068115234375,-1.000732421875,0.14453125
5787,0.078369140625,-1.00439453125,0.140380859375
5788,0.071533203125,-0.998779296875,0.12890625
5789,0.076416015625,-0.99560546875,0.148193359375
5790,0.076416015625,-0.99560546875,0.148193359375
5791,0.08251953125,-0.990966796875,0.158203125
5792,0.07275390625,-0.994384765625,0.152099609375
5793,0.0751953125,-0.996826171875,0.143798828125
5794,0.080322265625,-0.992919921875,0.134033203125
5795,0.072021484375,-0.9970703125,0.126220703125
5796,0.068603515625,-1.004638671875,0.131103515625
5797,0.068359375,-1.004150390625,0.138671875
5798,0.067138671875,-1.001220703125,0.135009765625
5799,0.073486328125,-1.000244140625,0.1337890625
5800,0.069580078125,-0.999267578125,0.135986328125
5801,0.067138671875,-0.997314453125,0.144775390625
5802,0.076171875,-0.998779296875,0.15283203125
5803,0.07080078125,-0.99951171875,0.1435546875
5804,0.065673828125,-0.9990234375,0.135009765625
5805,0.070068359375,-0.99658203125,0.131591796875
5806,0.070068359375,-0.99658203125,0.131591796875
5807,0.067138671875,-0.99755859375,0.129150390625
5808,0.068603515625,-1.000244140625,0.13916015625
5809,0.07421875,-0.99365234375,0.13623046875
5810,0.0693359375,-0.99169921875,0.121826171875
5811,0.07080078125,-0.992919921875,0.13525390625
5812,0.073486328125,-0.999755859375,0.153076171875
5813,0.065673828125,-1.004638671875,0.14990234375
5814,0.0595703125,-1.003173828125,0.145751953125
5815,0.061279296875,-1.00048828125,0.1435546875
5816,0.06591796875,-1.005859375,0.149169921875
5817,0.06689453125,-1.00732421875,0.156005859375
5818,0.068603515625,-1.00048828125,0.14599609375
5819,0.06689453125,-1.00146484375,0.13818359375
5820,0.07421875,-0.99560546875,0.134521484375
5821,0.078857421875,-0.98828125,0.133544921875
5822,0.078857421875,-0.98828125,0.133544921875
5823,0.068603515625,-0.99560546875,0.14453125
5824,0.06884765625,-0.998779296875,0.145263671875
5825,0.071044921875,-0.9931640625,0.13330078125
5826,0.064697265625,-0.994140625,0.1376953125
5827,0.0703125,-0.997314453125,0.144775390625
5828,0.0732421875,-1.002197265625,0.149658203125
5829,0.06396484375,-0.997802734375,0.14697265625
5830,0.071533203125,-0.99462890625,0.134765625
5831,0.08154296875,-0.999267578125,0.137451171875
5832,0.071533203125,-1.000244140625,0.14453125
5833,0.065673828125,-0.9970703125,0.138916015625
5834,0.072998046875,-0.997802734375,0.144775390625
5835,0.06982421875,-0.999267578125,0.1494140625
5836,0.07177734375,-0.99560546875,0.1416015625
5837,0.0771484375,-0.9970703125,0.1484375
5838,0.0771484375,-0.9970703125,0.1484375
5839,0.068115234375,-0.998779296875,0.14794921875
5840,0.06884765625,-0.99658203125,0.140380859375
5841,0.07373046875,-0.992919921875,0.133544921875
5842,0.06494140625,-0.99609375,0.1318359375
5843,0.06787109375,-0.997802734375,0.139404296875
5844,0.077880859375,-0.998291015625,0.15185546875
5845,0.077392578125,-1.0,0.15380859375
5846,0.079345703125,-0.99560546875,0.149658203125
5847,0.07763671875,-0.9853515625,0.129638671875
5848,0.070556640625,-0.986328125,0.1201171875
5849,0.076171875,-0.9970703125,0.140625
5850,0.0712890625,-0.998291015625,0.141845703125
5851,0.059814453125,-1.001953125,0.13671875
5852,0.059814453125,-1.001953125,0.13671875
5853,0.068603515625,-1.008544921875,0.14599609375
5854,0.068603515625,-1.001953125,0.14599609375
5855,0.06640625,-1.00146484375,0.161865234375
5856,0.075927734375,-1.001220703125,0.166259765625
5857,0.06982421875,-0.99365234375,0.136962890625
5858,0.061767578125,-0.996826171875,0.13134765625
5859,0.06982421875,-0.994140625,0.12353515625
5860,0.0673828125,-0.99755859375,0.141357421875
5861,0.05859375,-1.0029296875,0.15869140625
5862,0.0693359375,-1.0029296875,0.15576171875
5863,0.0771484375,-0.998779296875,0.152099609375
5864,0.07275390625,-0.991943359375,0.14306640625
5865,0.0732421875,-0.992431640625,0.1435546875
5866,0.0732421875,-0.992431640625,0.1435546875
5867,0.069580078125,-0.996826171875,0.1376953125
5868,0.07421875,-0.995849609375,0.135986328125
5869,0.078125,-0.989990234375,0.122802734375
5870,0.072265625,-0.992919921875,0.11962890625
5871,0.071044921875,-1.001953125,0.136474609375
5872,0.0712890625,-1.00927734375,0.147705078125
5873,0.07666015625,-1.003662109375,0.142333984375
5874,0.07421875,-0.993408203125,0.12939453125
5875,0.066650390625,-0.998779296875,0.139404296875
5876,0.06689453125,-0.998779296875,0.142333984375
5877,0.0634765625,-0.998291015625,0.14404296875
5878,0.0654296875,-1.005615234375,0.164306640625
5879,0.06982421875,-0.996826171875,0.14404296875
5880,0.062255859375,-0.99658203125,0.134521484375
5881,0.062255859375,-0.99658203125,0.134521484375
5882,0.061279296875,-1.00439453125,0.153564453125
5883,0.068115234375,-1.000732421875,0.149658203125
5884,0.06298828125,-0.99365234375,0.135009765625
5885,0.060791015625,-0.99267578125,0.128173828125
5886,0.072265625,-0.99462890625,0.138671875
5887,0.06982421875,-0.999267578125,0.14599609375
5888,0.0595703125,-1.00439453125,0.156005859375
5889,0.07080078125,-0.99755859375,0.14990234375
5890,0.0751953125,-0.994384765625,0.1357421875
5891,0.064453125,-0.99853515625,0.147216796875
5892,0.06884765625,-1.000732421875,0.154296875
5893,0.073486328125,-0.998291015625,0.136474609375
5894,0.067626953125,-0.990234375,0.117431640625
5895,0.067626953125,-0.990234375,0.117431640625
5896,0.07470703125,-0.989013671875,0.122314453125
5897,0.079833984375,-0.992431640625,0.13720703125
5898,0.070068359375,-0.99853515625,0.147216796875
5899,0.072021484375,-1.003173828125,0.146484375
5900,0.07421875,-0.9990234375,0.137939453125
5901,0.072265625,-0.999267578125,0.13916015625
5902,0.070556640625,-0.998779296875,0.146728515625
5903,0.06884765625,-0.995361328125,0.1484375
5904,0.075439453125,-0.991943359375,0.140869140625
5905,0.074462890625,-0.996337890625,0.140625
5906,0.07177734375,-0.996826171875,0.130859375
5907,0.07373046875,-0.999267578125,0.13525390625
5908,0.072509765625,-1.001708984375,0.156494140625
5909,0.072509765625,-1.001708984375,0.156494140625
5910,0.072998046875,-0.99267578125,0.14501953125
5911,0.07373046875,-0.99609375,0.1357421875
5912,0.070068359375,-0.990966796875,0.134033203125
5913,0.06787109375,-0.99365234375,0.138427734375
5914,0.073486328125,-1.0009765625,0.1416015625
5915,0.06640625,-0.9931640625,0.13037109375
5916,0.064697265625,-0.99951171875,0.1328125
5917,0.07421875,-1.00439453125,0.150390625
5918,0.069091796875,-1.001953125,0.147705078125
5919,0.066162109375,-1.0048828125,0.156005859375
5920,0.072265625,-1.00390625,0.16455078125
5921,0.063232421875,-0.998779296875,0.14453125
5922,0.060302734375,-0.99853515625,0.133056640625
5923,0.060302734375,-0.99853515625,0.133056640625
5924,0.07177734375,-1.00244140625,0.14111328125
5925,0.065673828125,-1.005859375,0.15185546875
5926,0.0634765625,-0.9970703125,0.14208984375
5927,0.07177734375,-0.999267578125,0.14404296875
5928,0.067626953125,-1.000244140625,0.133544921875
5929,0.072265625,-0.993408203125,0.137939453125
5930,0.07373046875,-0.99609375,0.156494140625
5931,0.07080078125,-0.991943359375,0.1416015625
5932,0.072265625,-0.996337890625,0.139892578125
5933,0.071533203125,-0.998291015625,0.133056640625
5934,0.068115234375,-0.99072265625,0.12158203125
5935,0.07275390625,-0.996337890625,0.129638671875
5936,0.070068359375,-1.00390625,0.131591796875
5937,0.06494140625,-1.001708984375,0.1259765625
5938,0.06689453125,-0.99853515625,0.136474609375
5939,0.06689453125,-0.99853515625,0.136474609375
5940,0.068115234375,-0.997802734375,0.136962890625
5941,0.06884765625,-0.99951171875,0.13623046875
5942,0.0693359375,-1.00341796875,0.14404296875
5943,0.068359375,-1.0009765625,0.14013671875
5944,0.070556640625,-0.997314453125,0.143310546875
5945,0.07958984375,-0.995849609375,0.143310546875
5946,0.06689453125,-0.995849609375,0.135498046875
5947,0.0615234375,-1.0,0.143310546875
5948,0.071533203125,-0.9931640625,0.133056640625
5949,0.0693359375,-0.994873046875,0.124755859375
5950,0.070556640625,-0.99755859375,0.139892578125
5951,0.0810546875,-0.995849609375,0.136962890625
5952,0.0771484375,-1.003662109375,0.1513671875
5953,0.07861328125,-0.99853515625,0.149169921875
5954,0.07861328125,-0.99853515625,0.149169921875
5955,0.08154296875,-0.99560546875,0.1376953125
5956,0.069580078125,-0.995849609375,0.14404296875
5957,0.066650390625,-0.994384765625,0.14306640625
5958,0.0712890625,-0.995361328125,0.138916015625
5959,0.06982421875,-0.998046875,0.136962890625
5960,0.078125,-0.9921875,0.125244140625
5961,0.07666015625,-0.99462890625,0.1455078125
5962,0.06298828125,-1.0009765625,0.16552734375
5963,0.06640625,-0.996337890625,0.1494140625
5964,0.0673828125,-1.00048828125,0.14306640625
5965,0.068359375,-1.003173828125,0.1474609375
5966,0.073974609375,-0.999267578125,0.146728515625
5967,0.070556640625,-0.992919921875,0.140625
5968,0.064697265625,-0.994873046875,0.148681640625
5969,0.06640625,-0.996826171875,0.147216796875
5970,0.06640625,-0.996826171875,0.147216796875
5971,0.06689453125,-1.0048828125,0.154052734375
5972,0.067138671875,-1.000244140625,0.146484375
5973,0.066650390625,-0.993896484375,0.13623046875
5974,0.070556640625,-0.997802734375,0.13818359375
5975,0.072998046875,-0.997314453125,0.140625
5976,0.07177734375,-0.996337890625,0.1318359375
5977,0.0673828125,-0.99755859375,0.1279296875
5978,0.06640625,-0.999755859375,0.1376953125
5979,0.070556640625,-1.00439453125,0.146240234375
5980,0.071044921875,-1.003662109375,0.139892578125
5981,0.070068359375,-0.994384765625,0.127197265625
5982,0.06640625,-0.991455078125,0.14501953125
5983,0.070068359375,-0.99365234375,0.159423828125
5984,0.066650390625,-1.000732421875,0.151123046875
5985,0.062255859375,-1.004638671875,0.135986328125
5986,0.062255859375,-1.004638671875,0.135986328125
5987,0.0703125,-1.00390625,0.132080078125
5988,0.072021484375,-1.00537109375,0.130126953125
5989,0.0625,-1.00146484375,0.125244140625
5990,0.057861328125,-0.994140625,0.126220703125
5991,0.056396484375,-0.989990234375,0.12939453125
5992,0.076171875,-0.999755859375,0.130126953125
5993,0.090087890625,-1.029052734375,0.180908203125
5994,0.076171875,-1.012451171875,0.199462890625
5995,0.060791015625,-0.96875,0.16162109375
5996,0.064697265625,-0.956298828125,0.119140625
5997,0.074462890625,-0.98876953125,0.123291015625
5998,0.072998046875,-1.031494140625,0.17041015625
5999,0.068603515625,-1.02099609375,0.162841796875
6000,0.067138671875,-0.982666015625,0.125
6001,0.073974609375,-0.968017578125,0.112548828125
6002,0.073974609375,-0.968017578125,0.112548828125
6003,0.08251953125,-0.999267578125,0.11572265625
6004,0.077392578125,-1.032958984375,0.13623046875
6005,0.0634765625,-1.0146484375,0.144287109375
6006,0.068115234375,-0.983642578125,0.148193359375
6007,0.07763671875,-0.982421875,0.17333984375
6008,0.06982421875,-0.9912109375,0.131591796875
6009,0.0625,-1.001953125,0.119384765625
6010,0.070556640625,-0.999267578125,0.1259765625
6011,0.073974609375,-0.98779296875,0.146728515625
6012,0.073974609375,-0.986083984375,0.159912109375
6013,0.078125,-0.993408203125,0.1435546875
6014,0.078125,-1.003173828125,0.12744140625
6015,0.07177734375,-1.011962890625,0.114990234375
6016,0.076416015625,-1.0146484375,0.155029296875
6017,0.076416015625,-1.0146484375,0.155029296875
6018,0.074951171875,-0.999755859375,0.16259765625
6019,0.058837890625,-0.9931640625,0.135498046875
6020,0.065185546875,-1.0,0.12451171875
6021,0.07861328125,-0.987548828125,0.106689453125
6022,0.0673828125,-0.981689453125,0.1298828125
6023,0.058837890625,-0.987548828125,0.160888671875
6024,0.061767578125,-1.010498046875,0.1962890625
6025,0.061767578125,-1.0087890625,0.181640625
6026,0.06298828125,-0.999755859375,0.13818359375
6027,0.0703125,-0.997802734375,0.107666015625
6028,0.070068359375,-0.995361328125,0.09912109375
6029,0.061279296875,-1.011474609375,0.15380859375
6030,0.068603515625,-1.001220703125,0.158203125
6031,0.074462890625,-0.9951171875,0.151123046875
6032,0.07373046875,-0.99853515625,0.147216796875
6033,0.07373046875,-0.99853515625,0.147216796875
6034,0.0615234375,-0.998046875,0.13037109375
6035,0.073974609375,-0.990234375,0.131103515625
6036,0.080322265625,-1.00390625,0.169921875
6037,0.067626953125,-1.003662109375,0.169921875
6038,0.0673828125,-0.99267578125,0.150390625
6039,0.065673828125,-0.991455078125,0.142578125
6040,0.0693359375,-0.990234375,0.141357421875
6041,0.074462890625,-0.998779296875,0.156005859375
6042,0.072509765625,-0.99609375,0.141845703125
6043,0.070556640625,-0.99951171875,0.139404296875
6044,0.0751953125,-0.998046875,0.118896484375
6045,0.074462890625,-0.98876953125,0.1005859375
6046,0.071044921875,-0.9853515625,0.11962890625
6047,0.066650390625,-1.0078125,0.182861328125
6048,0.064453125,-1.01806640625,0.19775390625
6049,0.064453125,-1.01806640625,0.19775390625
6050,0.06591796875,-1.00146484375,0.14208984375
6051,0.070068359375,-0.99462890625,0.12890625
6052,0.072265625,-0.9892578125,0.126708984375
6053,0.07275390625,-0.99365234375,0.12841796875
6054,0.062744140625,-0.9970703125,0.141845703125
6055,0.067138671875,-0.990966796875,0.146240234375
6056,0.078857421875,-0.9892578125,0.135986328125
6057,0.067138671875,-0.99462890625,0.112548828125
6058,0.06591796875,-1.00830078125,0.143310546875
6059,0.075439453125,-0.99853515625,0.152099609375
6060,0.0751953125,-0.987060546875,0.145751953125
6061,0.073486328125,-0.99951171875,0.169921875
6062,0.071044921875,-1.00048828125,0.13720703125
6063,0.071044921875,-1.00048828125,0.13720703125
6064,0.064453125,-0.995361328125,0.110107421875
6065,0.06591796875,-0.99609375,0.119384765625
6066,0.076416015625,-0.994873046875,0.1435546875
6067,0.07763671875,-0.99755859375,0.141357421875
6068,0.067626953125,-1.00439453125,0.139892578125
6069,0.071044921875,-1.002197265625,0.1494140625
6070,0.077880859375,-1.001708984375,0.15283203125
6071,0.0712890625,-0.995361328125,0.142333984375
6072,0.0625,-0.995849609375,0.133056640625
6073,0.0634765625,-1.0009765625,0.142578125
6074,0.068603515625,-1.005126953125,0.14892578125
6075,0.066162109375,-1.011474609375,0.1572265625
6076,0.068603515625,-1.00439453125,0.140625
6077,0.068603515625,-1.00439453125,0.140625
6078,0.072021484375,-0.993896484375,0.1162109375
6079,0.06689453125,-0.995361328125,0.151123046875
6080,0.069580078125,-1.0009765625,0.177978515625
6081,0.079833984375,-0.981689453125,0.1318359375
6082,0.0693359375,-0.98388671875,0.116943359375
6083,0.067626953125,-0.997314453125,0.133056640625
6084,0.07958984375,-1.0029296875,0.1552734375
6085,0.07373046875,-1.007568359375,0.146484375
6086,0.06591796875,-1.0009765625,0.129638671875
6087,0.06787109375,-1.000732421875,0.139892578125
6088,0.07421875,-0.983642578125,0.106689453125
6089,0.071533203125,-0.98876953125,0.111572265625
6090,0.07177734375,-0.996826171875,0.12890625
6091,0.07177734375,-0.996826171875,0.12890625
6092,0.073974609375,-1.003173828125,0.148681640625
6093,0.07275390625,-1.011474609375,0.151123046875
6094,0.068359375,-1.004638671875,0.134765625
6095,0.06396484375,-0.99755859375,0.1328125
6096,0.06298828125,-0.99462890625,0.139404296875
6097,0.060302734375,-1.006103515625,0.163818359375
6098,0.064697265625,-1.008056640625,0.16259765625
6099,0.068115234375,-0.9970703125,0.154541015625
6100,0.072998046875,-0.99560546875,0.16064453125
6101,0.07470703125,-1.00146484375,0.162109375
6102,0.076171875,-0.98876953125,0.138671875
6103,0.07763671875,-0.980712890625,0.11669921875
6104,0.07177734375,-0.992431640625,0.133544921875
6105,0.07177734375,-0.992431640625,0.133544921875
6106,0.068603515625,-0.998046875,0.14697265625
6107,0.072509765625,-0.9921875,0.150390625
6108,0.0751953125,-0.998046875,0.162841796875
6109,0.078369140625,-1.00146484375,0.149169921875
6110,0.0732421875,-0.998779296875,0.13720703125
6111,0.065673828125,-0.99853515625,0.132568359375
6112,0.069580078125,-0.998291015625,0.138671875
6113,0.06884765625,-1.00244140625,0.149658203125
6114,0.0693359375,-0.99609375,0.150634765625
6115,0.076416015625,-0.993408203125,0.145263671875
6116,0.06982421875,-0.99658203125,0.1259765625
6117,0.067138671875,-1.000244140625,0.1435546875
6118,0.07470703125,-0.99755859375,0.153564453125
6119,0.07470703125,-0.99755859375,0.153564453125
6120,0.07080078125,-0.98876953125,0.12841796875
6121,0.070556640625,-0.998291015625,0.13330078125
6122,0.069091796875,-1.001953125,0.135009765625
6123,0.061767578125,-0.999267578125,0.131591796875
6124,0.066162109375,-1.00244140625,0.15087890625
6125,0.076171875,-0.99365234375,0.148193359375
6126,0.072509765625,-0.991455078125,0.1416015625
6127,0.0654296875,-0.98974609375,0.134033203125
6128,0.07373046875,-0.991943359375,0.132568359375
6129,0.073486328125,-0.990966796875,0.133544921875
6130,0.064453125,-0.99853515625,0.149169921875
6131,0.066650390625,-1.008056640625,0.147216796875
6132,0.066162109375,-0.99853515625,0.125732421875
6133,0.066162109375,-0.99853515625,0.125732421875
6134,0.068603515625,-1.002197265625,0.13623046875
6135,0.071533203125,-0.997802734375,0.142333984375
6136,0.06201171875,-0.9931640625,0.14208984375
6137,0.0654296875,-1.000244140625,0.158203125
6138,0.06982421875,-0.994384765625,0.150634765625
6139,0.06494140625,-0.991455078125,0.13134765625
6140,0.063720703125,-0.99951171875,0.147705078125
6141,0.071533203125,-0.999755859375,0.156982421875
6142,0.07177734375,-0.997314453125,0.14892578125
6143,0.068603515625,-0.996337890625,0.148681640625
6144,0.072021484375,-0.9970703125,0.159912109375
6145,0.07080078125,-1.0029296875,0.15771484375
6146,0.067626953125,-0.996826171875,0.13134765625
6147,0.067626953125,-0.996826171875,0.13134765625
6148,0.07080078125,-0.9970703125,0.143798828125
6149,0.072021484375,-1.001953125,0.156005859375
6150,0.063720703125,-0.994140625,0.124267578125
6151,0.068115234375,-0.996826171875,0.1328125
6152,0.06884765625,-0.999267578125,0.14208984375
6153,0.065673828125,-1.0048828125,0.149169921875
6154,0.076416015625,-1.00390625,0.15380859375
6155,0.072998046875,-0.9912109375,0.1337890625
6156,0.061767578125,-0.9912109375,0.126953125
6157,0.0673828125,-1.002685546875,0.148681640625
6158,0.072265625,-1.00048828125,0.146728515625
6159,0.06884765625,-1.00048828125,0.13818359375
6160,0.065185546875,-1.008544921875,0.1533203125
6161,0.0703125,-1.00244140625,0.148193359375
6162,0.069580078125,-0.994384765625,0.135498046875
6163,0.0693359375,-0.990478515625,0.13623046875
6164,0.0693359375,-0.990478515625,0.13623046875
6165,0.072265625,-0.990478515625,0.13232421875
6166,0.06982421875,-0.992919921875,0.136962890625
6167,0.074951171875,-0.993896484375,0.148193359375
6168,0.0732421875,-0.998046875,0.15234375
6169,0.07177734375,-0.99951171875,0.154541015625
6170,0.075439453125,-1.001953125,0.154296875
6171,0.07421875,-1.003173828125,0.150146484375
6172,0.068115234375,-0.994873046875,0.134521484375
6173,0.0693359375,-0.99609375,0.140380859375
6174,0.07177734375,-1.001220703125,0.148681640625
6175,0.0634765625,-1.001953125,0.148681640625
6176,0.0712890625,-0.9951171875,0.148681640625
6177,0.0712890625,-0.99609375,0.142822265625
6178,0.0673828125,-1.00244140625,0.149658203125
6179,0.072998046875,-1.00146484375,0.1484375
6180,0.072998046875,-1.00146484375,0.1484375
6181,0.06396484375,-1.002197265625,0.150146484375
6182,0.06640625,-0.99365234375,0.136962890625
6183,0.0791015625,-0.99462890625,0.14404296875
6184,0.068359375,-0.998779296875,0.160400390625
6185,0.061279296875,-0.9912109375,0.1455078125
6186,0.072998046875,-0.998046875,0.156005859375
6187,0.072509765625,-0.995849609375,0.145263671875
6188,0.06494140625,-0.984619140625,0.121337890625
6189,0.0693359375,-0.995361328125,0.138671875
6190,0.068359375,-1.00341796875,0.15576171875
6191,0.070556640625,-0.9970703125,0.140869140625
6192,0.073974609375,-0.99853515625,0.133056640625
6193,0.067626953125,-0.995849609375,0.125732421875
6194,0.06982421875,-0.991943359375,0.12060546875
6195,0.07275390625,-1.001220703125,0.14453125
6196,0.07275390625,-1.001220703125,0.14453125
6197,0.0673828125,-0.99609375,0.136962890625
6198,0.06884765625,-1.000244140625,0.138671875
6199,0.06884765625,-1.006591796875,0.1435546875
6200,0.058837890625,-0.995361328125,0.133056640625
6201,0.072509765625,-0.998046875,0.155517578125
6202,0.07666015625,-0.998291015625,0.144287109375
6203,0.065673828125,-0.9990234375,0.139892578125
6204,0.07080078125,-1.000732421875,0.141357421875
6205,0.067626953125,-1.00390625,0.14501953125
6206,0.065673828125,-1.002197265625,0.148681640625
6207,0.0712890625,-0.99755859375,0.138671875
6208,0.073974609375,-1.001220703125,0.15185546875
6209,0.070068359375,-0.992919921875,0.141845703125
6210,0.07568359375,-0.995849609375,0.14013671875
6211,0.080078125,-0.995361328125,0.140625
6212,0.080078125,-0.995361328125,0.140625
6213,0.072998046875,-1.001220703125,0.1435546875
6214,0.07373046875,-1.001708984375,0.14697265625
6215,0.06689453125,-0.994140625,0.14306640625
6216,0.06591796875,-0.99560546875,0.132568359375
6217,0.0712890625,-0.99658203125,0.12939453125
6218,0.0693359375,-1.004638671875,0.139892578125
6219,0.0693359375,-1.000732421875,0.142578125
6220,0.07275390625,-1.000732421875,0.15478515625
6221,0.070068359375,-0.99658203125,0.149169921875
6222,0.065185546875,-0.998046875,0.14501953125
6223,0.06982421875,-0.99853515625,0.129150390625
6224,0.067138671875,-0.99755859375,0.126708984375
6225,0.067138671875,-1.0029296875,0.144287109375
6226,0.068603515625,-0.99951171875,0.142333984375
6227,0.066650390625,-0.99951171875,0.147705078125
6228,0.066650390625,-0.99951171875,0.147705078125
6229,0.06884765625,-0.99853515625,0.141845703125
6230,0.072021484375,-0.99462890625,0.138671875
6231,0.076171875,-0.993408203125,0.14697265625
6232,0.072998046875,-0.996826171875,0.145751953125
6233,0.074462890625,-0.996826171875,0.140380859375
6234,0.073486328125,-0.995361328125,0.133056640625
6235,0.0693359375,-0.99462890625,0.13720703125
6236,0.071044921875,-0.990478515625,0.133056640625
6237,0.069091796875,-0.990966796875,0.127197265625
6238,0.068603515625,-0.99560546875,0.135986328125
6239,0.07373046875,-0.998779296875,0.13525390625
6240,0.067626953125,-0.9970703125,0.12744140625
6241,0.0673828125,-0.99755859375,0.128662109375
6242,0.068603515625,-1.004638671875,0.146484375
6243,0.068603515625,-1.004638671875,0.146484375
6244,0.0634765625,-1.00146484375,0.158203125
6245,0.064453125,-0.99951171875,0.14892578125
6246,0.067138671875,-1.001953125,0.144287109375
6247,0.069580078125,-0.9970703125,0.146728515625
6248,0.0615234375,-0.99609375,0.144775390625
6249,0.071044921875,-0.997314453125,0.146484375
6250,0.074951171875,-0.998046875,0.14453125
6251,0.06298828125,-0.99951171875,0.1455078125
6252,0.073974609375,-0.994384765625,0.142822265625
6253,0.0791015625,-0.9892578125,0.14013671875
6254,0.06494140625,-0.993408203125,0.142578125
6255,0.072509765625,-0.9990234375,0.140380859375
6256,0.07373046875,-0.997802734375,0.133544921875
6257,0.060546875,-0.9970703125,0.13916015625
6258,0.073974609375,-0.994140625,0.137451171875
6259,0.074462890625,-0.997802734375,0.125244140625
6260,0.06494140625,-1.007568359375,0.140625
6261,0.06494140625,-1.007568359375,0.140625
6262,0.07568359375,-0.999755859375,0.143798828125
6263,0.0751953125,-0.99658203125,0.14306640625
6264,0.064208984375,-0.999755859375,0.147705078125
6265,0.07080078125,-1.00048828125,0.15087890625
6266,0.06689453125,-0.998046875,0.140869140625
6267,0.060302734375,-0.998291015625,0.1240234375
6268,0.069580078125,-1.004150390625,0.13720703125
6269,0.069580078125,-1.000244140625,0.147705078125
6270,0.06494140625,-0.991943359375,0.14208984375
6271,0.07177734375,-0.996337890625,0.138427734375
6272,0.074462890625,-0.99755859375,0.14453125
6273,0.07373046875,-0.98974609375,0.14599609375
6274,0.074951171875,-0.988525390625,0.142578125
6275,0.074951171875,-0.988525390625,0.142578125
6276,0.07275390625,-0.99365234375,0.144775390625
6277,0.078369140625,-0.991943359375,0.129150390625
6278,0.0771484375,-0.993896484375,0.12353515625
6279,0.066162109375,-0.995361328125,0.133056640625
6280,0.066650390625,-0.99462890625,0.14697265625
6281,0.067626953125,-1.00390625,0.169677734375
6282,0.067626953125,-1.00390625,0.15478515625
6283,0.06884765625,-0.999267578125,0.1337890625
6284,0.0693359375,-1.001220703125,0.155029296875
6285,0.06884765625,-0.994140625,0.1533203125
6286,0.06787109375,-0.99169921875,0.136962890625
6287,0.0634765625,-1.0,0.142822265625
6288,0.05908203125,-1.005615234375,0.150390625
6289,0.05908203125,-1.005615234375,0.150390625
6290,0.06640625,-1.00439453125,0.155029296875
6291,0.071533203125,-0.996826171875,0.14013671875
6292,0.06640625,-0.996826171875,0.13037109375
6293,0.0625,-0.998779296875,0.13671875
6294,0.0703125,-0.99951171875,0.14501953125
6295,0.072998046875,-0.9990234375,0.146240234375
6296,0.0693359375,-0.999267578125,0.155029296875
6297,0.072509765625,-0.9931640625,0.156005859375
6298,0.0751953125,-0.99462890625,0.130126953125
6299,0.0712890625,-1.000732421875,0.12939453125
6300,0.06640625,-0.996826171875,0.131591796875
6301,0.070556640625,-0.992919921875,0.1279296875
6302,0.072998046875,-0.993896484375,0.141357421875
6303,0.072998046875,-0.993896484375,0.141357421875
6304,0.07275390625,-0.998291015625,0.140869140625
6305,0.073486328125,-0.9990234375,0.138916015625
6306,0.069091796875,-0.999267578125,0.146484375
6307,0.070068359375,-0.99560546875,0.13671875
6308,0.074462890625,-1.000732421875,0.140380859375
6309,0.0673828125,-1.00146484375,0.14013671875
6310,0.0625,-0.99560546875,0.132568359375
6311,0.069091796875,-0.998046875,0.145751953125
6312,0.06591796875,-1.000244140625,0.154052734375
6313,0.069580078125,-0.9990234375,0.150634765625
6314,0.07275390625,-0.992919921875,0.143310546875
6315,0.0712890625,-0.9892578125,0.140869140625
6316,0.072265625,-0.99755859375,0.1455078125
6317,0.072265625,-0.99755859375,0.1455078125
6318,0.071533203125,-1.007568359375,0.156005859375
6319,0.072021484375,-1.000244140625,0.14501953125
6320,0.070068359375,-0.98974609375,0.129150390625
6321,0.071044921875,-0.988037109375,0.130615234375
6322,0.073974609375,-0.9951171875,0.143310546875
6323,0.068603515625,-0.99755859375,0.14013671875
6324,0.065185546875,-0.998291015625,0.136962890625
6325,0.072998046875,-1.002197265625,0.13916015625
6326,0.072021484375,-1.002685546875,0.138427734375
6327,0.064697265625,-0.995361328125,0.126220703125
6328,0.066650390625,-0.998291015625,0.138671875
6329,0.065673828125,-1.001953125,0.148193359375
6330,0.065185546875,-0.99560546875,0.138916015625
6331,0.065673828125,-0.996826171875,0.1455078125
6332,0.065673828125,-0.996826171875,0.1455078125
6333,0.06396484375,-1.002197265625,0.150390625
6334,0.065673828125,-0.99853515625,0.14697265625
6335,0.06640625,-1.00244140625,0.138427734375
6336,0.06787109375,-1.00146484375,0.13623046875
6337,0.068359375,-0.9970703125,0.13623046875
6338,0.069091796875,-0.99462890625,0.13671875
6339,0.071533203125,-0.994140625,0.1396484375
6340,0.080078125,-0.9990234375,0.15869140625
6341,0.075927734375,-0.989990234375,0.1416015625
6342,0.07177734375,-0.99267578125,0.123291015625
6343,0.067626953125,-0.99853515625,0.125732421875
6344,0.061279296875,-0.997802734375,0.124267578125
6345,0.07177734375,-0.99609375,0.128173828125
6346,0.07568359375,-1.0,0.1494140625
6347,0.07568359375,-1.0,0.1494140625
6348,0.06787109375,-1.001708984375,0.156982421875
6349,0.06884765625,-0.997802734375,0.153076171875
6350,0.0703125,-0.994384765625,0.1474609375
6351,0.06591796875,-0.9951171875,0.137451171875
6352,0.06982421875,-1.002197265625,0.1376953125
6353,0.06982421875,-1.00146484375,0.143798828125
6354,0.067626953125,-1.000732421875,0.144287109375
6355,0.06982421875,-1.00390625,0.140869140625
6356,0.066650390625,-1.0009765625,0.14306640625
6357,0.070068359375,-0.998779296875,0.14794921875
6358,0.07958984375,-0.995361328125,0.152587890625
6359,0.07177734375,-0.992431640625,0.13916015625
6360,0.068115234375,-0.9931640625,0.137939453125
6361,0.068115234375,-0.9931640625,0.137939453125
6362,0.072265625,-0.9931640625,0.1396484375
6363,0.0732421875,-0.996337890625,0.142333984375
6364,0.06884765625,-0.99853515625,0.13720703125
6365,0.069580078125,-0.99853515625,0.142333984375
6366,0.0712890625,-0.999755859375,0.1455078125
6367,0.06640625,-1.00244140625,0.139892578125
6368,0.071533203125,-0.997314453125,0.12451171875
6369,0.07275390625,-0.998779296875,0.126953125
6370,0.07275390625,-1.004638671875,0.156982421875
6371,0.071533203125,-0.9970703125,0.14990234375
6372,0.06640625,-0.99853515625,0.138427734375
6373,0.06494140625,-1.008544921875,0.137451171875
6374,0.074462890625,-1.00390625,0.1376953125
6375,0.07177734375,-0.995361328125,0.138671875
6376,0.065673828125,-0.991455078125,0.1357421875
6377,0.06884765625,-0.997314453125,0.1337890625
6378,0.06884765625,-0.997314453125,0.1337890625
6379,0.067138671875,-1.008544921875,0.149169921875
6380,0.073486328125,-0.997802734375,0.147216796875
6381,0.07666015625,-0.99365234375,0.14013671875
6382,0.071044921875,-0.99658203125,0.146484375
6383,0.0693359375,-0.996337890625,0.150390625
6384,0.07568359375,-0.996826171875,0.14990234375
6385,0.073974609375,-0.99267578125,0.134033203125
6386,0.068115234375,-0.987060546875,0.107177734375
6387,0.064453125,-1.002197265625,0.1318359375
6388,0.06298828125,-1.013427734375,0.1630859375
6389,0.073486328125,-0.999267578125,0.156494140625
6390,0.07568359375,-0.997802734375,0.15185546875
6391,0.073974609375,-0.991943359375,0.135498046875
6392,0.068359375,-0.993408203125,0.132080078125
6393,0.062255859375,-1.00146484375,0.146240234375
6394,0.062255859375,-1.00146484375,0.146240234375
6395,0.064453125,-0.997802734375,0.1552734375
6396,0.071533203125,-1.000732421875,0.155517578125
6397,0.081298828125,-1.000732421875,0.14794921875
6398,0.0712890625,-1.001220703125,0.1376953125
6399,0.06884765625,-0.997802734375,0.12890625
6400,0.07421875,-0.99658203125,0.135009765625
6401,0.068359375,-0.999755859375,0.148681640625
6402,0.06689453125,-0.9931640625,0.143798828125
6403,0.067138671875,-0.9931640625,0.14208984375
6404,0.070068359375,-0.991455078125,0.139404296875
6405,0.0751953125,-0.997802734375,0.1494140625
6406,0.073974609375,-0.997314453125,0.15234375
6407,0.067626953125,-0.994873046875,0.13525390625
6408,0.06591796875,-1.00390625,0.147216796875
6409,0.06591796875,-1.00390625,0.147216796875
6410,0.063232421875,-0.995361328125,0.1298828125
6411,0.070556640625,-0.998779296875,0.1318359375
6412,0.081298828125,-1.0,0.1435546875
6413,0.07373046875,-0.988525390625,0.116943359375
6414,0.072509765625,-0.99462890625,0.136474609375
6415,0.070068359375,-1.00732421875,0.15966796875
6416,0.069580078125,-1.006103515625,0.156494140625
6417,0.076416015625,-0.993408203125,0.1435546875
6418,0.06591796875,-0.99560546875,0.131591796875
6419,0.0615234375,-1.00048828125,0.137451171875
6420,0.061767578125,-1.007568359375,0.16064453125
6421,0.0654296875,-1.002197265625,0.154541015625
6422,0.06982421875,-0.989013671875,0.130126953125
6423,0.071533203125,-0.99462890625,0.140869140625
6424,0.070068359375,-0.99658203125,0.14599609375
6425,0.070068359375,-0.99658203125,0.14599609375
6426,0.061279296875,-1.000244140625,0.156005859375
6427,0.06591796875,-0.99267578125,0.1474609375
6428,0.071044921875,-0.989990234375,0.13427734375
6429,0.072265625,-0.9921875,0.13427734375
6430,0.076171875,-0.98828125,0.12060546875
6431,0.072509765625,-0.996826171875,0.14208984375
6432,0.0712890625,-0.994384765625,0.13134765625
6433,0.0703125,-1.0,0.13623046875
6434,0.06884765625,-1.00732421875,0.16015625
6435,0.06298828125,-0.995361328125,0.129150390625
6436,0.062255859375,-0.995361328125,0.133056640625
6437,0.07373046875,-1.0029296875,0.158935546875
6438,0.072509765625,-1.001953125,0.17138671875
6439,0.068359375,-0.994873046875,0.15087890625
6440,0.06689453125,-0.9970703125,0.135986328125
6441,0.06689453125,-0.9970703125,0.135986328125
6442,0.064453125,-0.99951171875,0.13671875
6443,0.06591796875,-0.99755859375,0.135986328125
6444,0.067138671875,-1.003662109375,0.152587890625
6445,0.07275390625,-1.005859375,0.154296875
6446,0.0751953125,-1.000244140625,0.163818359375
6447,0.076904296875,-0.99267578125,0.1533203125
6448,0.07275390625,-0.985595703125,0.12158203125
6449,0.066162109375,-0.99365234375,0.12890625
6450,0.076416015625,-1.005126953125,0.138916015625
6451,0.072265625,-0.999267578125,0.135009765625
6452,0.06298828125,-0.99462890625,0.129638671875
6453,0.0810546875,-0.990234375,0.1298828125
6454,0.0791015625,-0.993896484375,0.14013671875
6455,0.0693359375,-0.9931640625,0.130126953125
6456,0.0693359375,-0.9931640625,0.130126953125
6457,0.083984375,-0.99365234375,0.15576171875
6458,0.07275390625,-0.998291015625,0.162109375
6459,0.0615234375,-0.988525390625,0.126953125
6460,0.065673828125,-0.999755859375,0.13427734375
6461,0.06787109375,-1.012451171875,0.145751953125
6462,0.07080078125,-1.007080078125,0.151123046875
6463,0.06787109375,-1.00634765625,0.142333984375
6464,0.071044921875,-1.00048828125,0.148681640625
6465,0.065673828125,-0.99755859375,0.15771484375
6466,0.06591796875,-0.997802734375,0.13818359375
6467,0.070556640625,-1.00146484375,0.153076171875
6468,0.06884765625,-1.000732421875,0.142333984375
6469,0.07470703125,-0.989013671875,0.119873046875
6470,0.073486328125,-0.998779296875,0.152587890625
6471,0.07470703125,-1.004638671875,0.154541015625
6472,0.07470703125,-1.004638671875,0.154541015625
6473,0.0751953125,-0.9970703125,0.1494140625
6474,0.068115234375,-0.991943359375,0.117919921875
6475,0.074951171875,-0.993896484375,0.111572265625
6476,0.071533203125,-1.004150390625,0.15869140625
6477,0.05712890625,-0.995361328125,0.14892578125
6478,0.072509765625,-0.99755859375,0.15087890625
6479,0.0732421875,-1.004638671875,0.142578125
6480,0.070556640625,-0.99365234375,0.13037109375
6481,0.07568359375,-0.99560546875,0.14111328125
6482,0.06396484375,-1.00048828125,0.132080078125
6483,0.063232421875,-1.00146484375,0.15087890625
6484,0.072021484375,-0.999755859375,0.143310546875
6485,0.072509765625,-1.0,0.125
6486,0.0712890625,-1.001953125,0.14599609375
6487,0.072509765625,-1.000732421875,0.158203125
6488,0.072509765625,-1.000732421875,0.158203125
6489,0.072998046875,-0.992919921875,0.158935546875
6490,0.065185546875,-0.9833984375,0.127685546875
6491,0.06494140625,-0.99560546875,0.127197265625
6492,0.072998046875,-0.99609375,0.140625
6493,0.06787109375,-0.99853515625,0.14306640625
6494,0.07275390625,-1.00732421875,0.149658203125
6495,0.0732421875,-0.99951171875,0.134765625
6496,0.0673828125,-0.999267578125,0.134765625
6497,0.070068359375,-0.989501953125,0.134521484375
6498,0.0654296875,-0.994873046875,0.14990234375
6499,0.06689453125,-1.00732421875,0.16552734375
6500,0.0703125,-0.99560546875,0.140869140625
6501,0.06591796875,-1.00439453125,0.128173828125
6502,0.06591796875,-1.00439453125,0.128173828125
6503,0.06787109375,-1.009033203125,0.1376953125
6504,0.06689453125,-1.00390625,0.152587890625
6505,0.067626953125,-1.001953125,0.142578125
6506,0.067138671875,-0.9970703125,0.134033203125
6507,0.061279296875,-1.004150390625,0.155517578125
6508,0.076904296875,-0.9970703125,0.142333984375
6509,0.078369140625,-0.99658203125,0.15576171875
6510,0.06689453125,-0.99609375,0.164306640625
6511,0.077392578125,-0.984130859375,0.1318359375
6512,0.07373046875,-0.990234375,0.134033203125
6513,0.064208984375,-0.99560546875,0.140380859375
6514,0.0732421875,-0.99462890625,0.15673828125
6515,0.072998046875,-1.00048828125,0.15380859375
6516,0.072998046875,-1.00048828125,0.15380859375
6517,0.063232421875,-0.995849609375,0.128662109375
6518,0.0732421875,-0.994384765625,0.1396484375
6519,0.07568359375,-0.996337890625,0.119873046875
6520,0.070556640625,-1.003173828125,0.142822265625
6521,0.072021484375,-1.0048828125,0.15625
6522,0.069091796875,-0.997314453125,0.125
6523,0.0693359375,-1.0,0.1552734375
6524,0.070068359375,-0.99560546875,0.14111328125
6525,0.0712890625,-0.99853515625,0.135498046875
6526,0.073974609375,-0.9990234375,0.151611328125
6527,0.07568359375,-0.99462890625,0.124755859375
6528,0.064697265625,-1.004150390625,0.1376953125
6529,0.06884765625,-1.001953125,0.140869140625
6530,0.06884765625,-1.001953125,0.140869140625
6531,0.07666015625,-0.993896484375,0.13623046875
6532,0.064453125,-0.99462890625,0.1572265625
6533,0.06884765625,-0.99072265625,0.13916015625
6534,0.07666015625,-0.99462890625,0.143310546875
6535,0.0712890625,-0.998779296875,0.152099609375
6536,0.0693359375,-0.9970703125,0.1435546875
6537,0.06982421875,-0.99609375,0.14013671875
6538,0.064453125,-0.998291015625,0.129638671875
6539,0.066650390625,-0.998291015625,0.131103515625
6540,0.072265625,-1.00146484375,0.138916015625
6541,0.073486328125,-1.009033203125,0.16357421875
6542,0.070556640625,-1.00341796875,0.159423828125
6543,0.0732421875,-0.994140625,0.134033203125
6544,0.0732421875,-0.994140625,0.134033203125
6545,0.07421875,-0.99755859375,0.14404296875
6546,0.068359375,-1.000244140625,0.13330078125
6547,0.068359375,-1.003173828125,0.1455078125
6548,0.068603515625,-0.9990234375,0.1494140625
6549,0.065673828125,-0.99169921875,0.122802734375
6550,0.069091796875,-1.0048828125,0.152099609375
6551,0.064453125,-0.996826171875,0.12890625
6552,0.061279296875,-0.994384765625,0.11669921875
6553,0.06640625,-1.005859375,0.152587890625
6554,0.069580078125,-0.99755859375,0.12548828125
6555,0.070068359375,-1.001220703125,0.134521484375
6556,0.06640625,-1.000244140625,0.14599609375
6557,0.07373046875,-0.992431640625,0.118408203125
6558,0.07373046875,-0.992431640625,0.118408203125
6559,0.075927734375,-0.991943359375,0.138916015625
6560,0.073974609375,-0.981201171875,0.1298828125
6561,0.075439453125,-0.985107421875,0.12158203125
6562,0.073974609375,-0.997314453125,0.1416015625
6563,0.067138671875,-0.99169921875,0.123291015625
6564,0.07080078125,-0.992919921875,0.1181640625
6565,0.06884765625,-1.0,0.1357421875
6566,0.06396484375,-0.997314453125,0.13916015625
6567,0.072509765625,-1.00390625,0.163818359375
6568,0.070556640625,-0.999755859375,0.17431640625
6569,0.072509765625,-0.991943359375,0.161376953125
6570,0.076171875,-0.999267578125,0.178955078125
6571,0.07470703125,-0.9892578125,0.149658203125
6572,0.07470703125,-0.9892578125,0.149658203125
6573,0.070556640625,-0.991943359375,0.14111328125
6574,0.07177734375,-1.0048828125,0.167724609375
6575,0.071533203125,-1.001953125,0.150146484375
6576,0.064453125,-1.0087890625,0.149658203125
6577,0.06494140625,-1.0107421875,0.15478515625
6578,0.0654296875,-1.00537109375,0.156982421875
6579,0.063720703125,-1.0078125,0.17138671875
6580,0.06689453125,-0.999755859375,0.15771484375
6581,0.0654296875,-0.992919921875,0.1416015625
6582,0.06689453125,-0.992431640625,0.144775390625
6583,0.07421875,-0.990966796875,0.144775390625
6584,0.070556640625,-0.9892578125,0.145751953125
6585,0.070556640625,-0.987060546875,0.14306640625
6586,0.0693359375,-0.99169921875,0.128662109375
6587,0.0693359375,-0.99169921875,0.128662109375
6588,0.070068359375,-0.997802734375,0.1376953125
6589,0.075927734375,-0.995849609375,0.140380859375
6590,0.07080078125,-0.992431640625,0.120361328125
6591,0.070068359375,-0.99951171875,0.1337890625
6592,0.076904296875,-0.99755859375,0.11962890625
6593,0.072998046875,-0.998779296875,0.127197265625
6594,0.07177734375,-0.99853515625,0.150634765625
6595,0.06884765625,-0.99072265625,0.13427734375
6596,0.066650390625,-0.994384765625,0.146728515625
6597,0.07421875,-0.98779296875,0.142822265625
6598,0.072265625,-0.995849609375,0.142822265625
6599,0.06787109375,-1.004150390625,0.15625
6600,0.0693359375,-0.99853515625,0.14501953125
6601,0.06787109375,-1.009521484375,0.151123046875
6602,0.065673828125,-1.002685546875,0.1484375
6603,0.065673828125,-1.002685546875,0.1484375
6604,0.061767578125,-0.99560546875,0.13916015625
6605,0.060791015625,-1.009033203125,0.154541015625
6606,0.066162109375,-1.00537109375,0.14501953125
6607,0.067138671875,-1.001708984375,0.146728515625
6608,0.0703125,-1.002197265625,0.15283203125
6609,0.07275390625,-0.997802734375,0.14404296875
6610,0.066650390625,-0.9970703125,0.147216796875
6611,0.064208984375,-0.996826171875,0.147705078125
6612,0.06884765625,-0.992919921875,0.142333984375
6613,0.072265625,-0.990478515625,0.13330078125
6614,0.069580078125,-0.99609375,0.136962890625
6615,0.0693359375,-0.99462890625,0.136962890625
6616,0.071044921875,-1.00048828125,0.150390625
6617,0.0712890625,-1.006103515625,0.146484375
6618,0.075439453125,-0.998779296875,0.135986328125
6619,0.075439453125,-0.998779296875,0.135986328125
6620,0.079345703125,-0.992919921875,0.133056640625
6621,0.079345703125,-0.993408203125,0.12646484375
6622,0.073974609375,-0.994384765625,0.12841796875
6623,0.0703125,-0.995849609375,0.125244140625
6624,0.068115234375,-1.0,0.127197265625
6625,0.06591796875,-1.002197265625,0.134521484375
6626,0.0703125,-1.004150390625,0.145263671875
6627,0.075439453125,-0.99755859375,0.136474609375
6628,0.072021484375,-0.994140625,0.127685546875
6629,0.067138671875,-0.997314453125,0.133056640625
6630,0.065673828125,-1.00048828125,0.134765625
6631,0.06640625,-1.002685546875,0.13427734375
6632,0.068115234375,-0.99853515625,0.130615234375
6633,0.066162109375,-0.997802734375,0.12158203125
6634,0.06640625,-0.9970703125,0.126708984375
6635,0.06640625,-0.9970703125,0.126708984375
6636,0.0712890625,-0.99462890625,0.1376953125
6637,0.068359375,-1.00341796875,0.159423828125
6638,0.068359375,-1.006103515625,0.16845703125
6639,0.0693359375,-0.9951171875,0.15087890625
6640,0.065185546875,-0.9951171875,0.1494140625
6641,0.0712890625,-0.99462890625,0.143798828125
6642,0.07373046875,-0.99267578125,0.1396484375
6643,0.065673828125,-0.99853515625,0.146240234375
6644,0.0654296875,-0.9951171875,0.138916015625
6645,0.068603515625,-0.990234375,0.1328125
6646,0.06689453125,-0.9931640625,0.138916015625
6647,0.068359375,-0.996826171875,0.1533203125
6648,0.073486328125,-0.994384765625,0.1630859375
6649,0.0693359375,-0.99462890625,0.15966796875
6650,0.0673828125,-0.992431640625,0.1484375
6651,0.0673828125,-0.992431640625,0.1484375
6652,0.070556640625,-0.99658203125,0.153076171875
6653,0.06396484375,-1.005126953125,0.16015625
6654,0.061767578125,-1.00341796875,0.148681640625
6655,0.066650390625,-1.005126953125,0.146484375
6656,0.0693359375,-1.00390625,0.13720703125
6657,0.067626953125,-1.002197265625,0.12939453125
6658,0.070556640625,-0.998779296875,0.1376953125
6659,0.07177734375,-0.99169921875,0.1328125
6660,0.073486328125,-0.99267578125,0.1337890625
6661,0.07568359375,-0.993408203125,0.138427734375
6662,0.072998046875,-0.9892578125,0.1337890625
6663,0.072021484375,-0.994140625,0.13623046875
6664,0.0703125,-1.00146484375,0.14111328125
6665,0.067138671875,-0.996826171875,0.125244140625
6666,0.0693359375,-0.999267578125,0.120361328125
6667,0.0693359375,-0.999267578125,0.120361328125
6668,0.075439453125,-1.00146484375,0.1298828125
6669,0.0751953125,-0.996337890625,0.12158203125
6670,0.070556640625,-1.00439453125,0.13916015625
6671,0.072265625,-1.00341796875,0.152099609375
6672,0.075439453125,-0.99853515625,0.140380859375
6673,0.072021484375,-1.0048828125,0.15087890625
6674,0.07275390625,-1.004150390625,0.155517578125
6675,0.069580078125,-0.997802734375,0.1455078125
6676,0.062744140625,-0.99462890625,0.148681640625
6677,0.0634765625,-0.99169921875,0.15283203125
6678,0.065673828125,-0.98876953125,0.158203125
6679,0.064208984375,-0.990478515625,0.163818359375
6680,0.0693359375,-0.99169921875,0.17431640625
6681,0.074951171875,-0.98974609375,0.1806640625
6682,0.074951171875,-0.98974609375,0.1806640625
6683,0.0673828125,-0.985595703125,0.168701171875
6684,0.0654296875,-0.990234375,0.169921875
6685,0.069580078125,-0.992919921875,0.173095703125
6686,0.065185546875,-0.989990234375,0.162353515625
6687,0.063720703125,-0.994384765625,0.1513671875
6688,0.0703125,-0.995849609375,0.139404296875
6689,0.06640625,-0.997802734375,0.1376953125
6690,0.063232421875,-1.00244140625,0.146240234375
6691,0.0693359375,-1.001708984375,0.140869140625
6692,0.069580078125,-0.998779296875,0.13232421875
6693,0.069091796875,-1.000732421875,0.132568359375
6694,0.07373046875,-0.9990234375,0.1259765625
6695,0.076416015625,-0.997802734375,0.118408203125
6696,0.07275390625,-1.0048828125,0.116455078125
6697,0.071533203125,-1.003173828125,0.1123046875
6698,0.072509765625,-0.997802734375,0.1015625
6699,0.07177734375,-1.012939453125,0.103515625
6700,0.072998046875,-1.018798828125,0.110595703125
6701,0.072265625,-1.007568359375,0.106689453125
6702,0.0693359375,-1.00634765625,0.107177734375
6703,0.0693359375,-1.005126953125,0.11767578125
6704,0.06884765625,-1.00146484375,0.129150390625
6705,0.06396484375,-0.996826171875,0.1416015625
6706,0.066650390625,-0.99365234375,0.15283203125
6707,0.073486328125,-0.986083984375,0.149169921875
6708,0.073486328125,-0.986083984375,0.149169921875
6709,0.07275390625,-0.980224609375,0.144287109375
6710,0.0712890625,-0.988037109375,0.154296875
6711,0.06982421875,-0.994384765625,0.157470703125
6712,0.06591796875,-0.99365234375,0.15234375
6713,0.06689453125,-1.0009765625,0.156982421875
6714,0.069091796875,-1.004150390625,0.15625
6715,0.06787109375,-1.002685546875,0.1552734375
6716,0.06494140625,-1.0009765625,0.150390625
6717,0.06787109375,-0.99853515625,0.146240234375
6718,0.071533203125,-0.99755859375,0.149658203125
6719,0.0703125,-0.99072265625,0.14404296875
6720,0.07666015625,-0.9921875,0.149658203125
6721,0.0751953125,-0.99658203125,0.156005859375
6722,0.071533203125,-0.997802734375,0.146484375
6723,0.075927734375,-1.000244140625,0.13720703125
6724,0.0771484375,-1.003662109375,0.13427734375
6725,0.07373046875,-1.00830078125,0.139404296875
6726,0.07568359375,-1.00927734375,0.135986328125
6727,0.0771484375,-1.006103515625,0.133056640625
6728,0.072509765625,-1.0,0.129150390625
6729,0.07470703125,-0.99560546875,0.115478515625
6730,0.07666015625,-0.99169921875,0.10986328125
6731,0.074462890625,-0.99169921875,0.12353515625
6732,0.073974609375,-0.997802734375,0.133056640625
6733,0.0703125,-0.994384765625,0.120849609375
6734,0.062255859375,-0.993896484375,0.132568359375
6735,0.062255859375,-0.993896484375,0.132568359375
6736,0.067138671875,-1.001708984375,0.15625
6737,0.072509765625,-1.00048828125,0.154296875
6738,0.0673828125,-0.99755859375,0.150390625
6739,0.070556640625,-1.00048828125,0.1533203125
6740,0.069580078125,-0.9912109375,0.135498046875
6741,0.064208984375,-0.990234375,0.127197265625
6742,0.070068359375,-0.99951171875,0.13720703125
6743,0.073486328125,-0.999755859375,0.135498046875
6744,0.06005859375,-0.99462890625,0.1220703125
6745,0.064208984375,-0.997314453125,0.13427734375
6746,0.07666015625,-0.99365234375,0.140869140625
6747,0.0634765625,-0.995849609375,0.14794921875
6748,0.0576171875,-1.007080078125,0.165771484375
6749,0.06689453125,-1.00439453125,0.16845703125
6750,0.067626953125,-1.00732421875,0.1708984375
6751,0.070556640625,-1.00830078125,0.156494140625
6752,0.0751953125,-1.000244140625,0.1513671875
6753,0.06005859375,-0.9912109375,0.14404296875
6754,0.058837890625,-0.99755859375,0.148681640625
6755,0.080322265625,-0.988037109375,0.13671875
6756,0.073974609375,-0.98974609375,0.137451171875
6757,0.062744140625,-0.9990234375,0.158447265625
6758,0.079345703125,-0.99560546875,0.16064453125
6759,0.080078125,-0.991455078125,0.138427734375
6760,0.059814453125,-0.99462890625,0.129150390625
6761,0.067138671875,-1.004150390625,0.1572265625
6762,0.067138671875,-1.004150390625,0.1572265625
6763,0.082763671875,-0.990478515625,0.146240234375
6764,0.0703125,-0.98974609375,0.13232421875
6765,0.06494140625,-1.002197265625,0.15625
6766,0.072021484375,-0.99365234375,0.13720703125
6767,0.077880859375,-1.001220703125,0.12939453125
6768,0.08203125,-1.00390625,0.13671875
6769,0.0771484375,-0.994140625,0.125244140625
6770,0.07763671875,-0.991943359375,0.13623046875
6771,0.074951171875,-0.9970703125,0.138916015625
6772,0.075439453125,-1.004638671875,0.14013671875
6773,0.0791015625,-0.990966796875,0.12353515625
6774,0.069091796875,-0.992919921875,0.13525390625
6775,0.0732421875,-1.0009765625,0.154541015625
6776,0.069580078125,-0.991943359375,0.1181640625
6777,0.06591796875,-0.997314453125,0.1103515625
6778,0.06787109375,-1.00390625,0.14013671875
6779,0.060302734375,-1.001953125,0.156982421875
6780,0.0732421875,-0.994140625,0.141357421875
6781,0.071533203125,-0.99462890625,0.140625
6782,0.06884765625,-1.0068359375,0.166748046875
6783,0.078369140625,-1.000732421875,0.1669921875
6784,0.067626953125,-0.998046875,0.145263671875
6785,0.063232421875,-1.001953125,0.1396484375
6786,0.07568359375,-1.003662109375,0.14501953125
6787,0.0732421875,-0.995849609375,0.121826171875
6788,0.064697265625,-0.995361328125,0.130859375
6789,0.064697265625,-0.995361328125,0.130859375
6790,0.0693359375,-0.99609375,0.145263671875
6791,0.05859375,-0.993896484375,0.1298828125
6792,0.078125,-1.00048828125,0.15234375
6793,0.06787109375,-1.005126953125,0.16357421875
6794,0.074462890625,-1.0009765625,0.154296875
6795,0.071044921875,-0.99462890625,0.130615234375
6796,0.060791015625,-0.995361328125,0.1328125
6797,0.060791015625,-0.995361328125,0.1328125
6798,0.066650390625,-0.993896484375,0.129150390625
6799,0.075439453125,-1.005859375,0.144287109375
6800,0.079833984375,-0.997802734375,0.140625
6801,0.073486328125,-1.001708984375,0.146240234375
6802,0.0732421875,-0.995849609375,0.12744140625
6803,0.0791015625,-0.99072265625,0.1142578125
6804,0.064208984375,-1.002685546875,0.14453125
6805,0.07421875,-0.988525390625,0.12451171875
6806,0.087646484375,-0.9794921875,0.10986328125
6807,0.07275390625,-0.99755859375,0.134521484375
6808,0.062255859375,-1.003173828125,0.128662109375
6809,0.0673828125,-0.99462890625,0.128173828125
6810,0.0703125,-0.99169921875,0.138427734375
6811,0.056884765625,-0.9951171875,0.134521484375
6812,0.0751953125,-0.986083984375,0.134033203125
6813,0.0791015625,-0.982177734375,0.14404296875
6814,0.06201171875,-1.0107421875,0.18115234375
6815,0.072021484375,-0.993408203125,0.1494140625
6816,0.0595703125,-0.990478515625,0.13818359375
6817,0.0576171875,-1.007080078125,0.162841796875
6818,0.07373046875,-0.988037109375,0.1396484375
6819,0.067626953125,-1.0029296875,0.147216796875
6820,0.072021484375,-1.003173828125,0.152587890625
6821,0.07373046875,-0.9970703125,0.142333984375
6822,0.060302734375,-1.004638671875,0.137939453125
6823,0.068115234375,-1.006591796875,0.1357421875
6824,0.068115234375,-1.006591796875,0.1357421875
6825,0.06298828125,-1.02099609375,0.156982421875
6826,0.071533203125,-1.001708984375,0.15625
6827,0.08740234375,-0.975830078125,0.11279296875
6828,0.0732421875,-0.993408203125,0.125244140625
6829,0.0703125,-1.014892578125,0.1533203125
6830,0.0712890625,-1.00830078125,0.15478515625
6831,0.060302734375,-1.00634765625,0.152587890625
6832,0.061279296875,-1.003173828125,0.11669921875
6833,0.0791015625,-1.006103515625,0.112548828125
6834,0.0634765625,-1.016357421875,0.14404296875
6835,0.064453125,-1.000732421875,0.154052734375
6836,0.07958984375,-0.980712890625,0.13525390625
6837,0.06494140625,-0.9775390625,0.115234375
6838,0.06103515625,-0.99267578125,0.15234375
6839,0.083740234375,-0.992431640625,0.1787109375
6840,0.080078125,-0.986328125,0.15283203125
6841,0.0625,-0.9853515625,0.144287109375
6842,0.086669921875,-0.983642578125,0.1494140625
6843,0.08349609375,-0.998046875,0.153564453125
6844,0.0537109375,-1.00244140625,0.15234375
6845,0.080322265625,-0.995361328125,0.15234375
6846,0.07763671875,-0.991943359375,0.154296875
6847,0.0478515625,-1.00244140625,0.1455078125
6848,0.0810546875,-1.00537109375,0.125732421875
6849,0.066162109375,-1.0087890625,0.134521484375
6850,0.066162109375,-1.0087890625,0.134521484375
6851,0.068115234375,-1.02197265625,0.16943359375
6852,0.10498046875,-1.001953125,0.168212890625
6853,0.068359375,-0.97314453125,0.110107421875
6854,0.06005859375,-0.997314453125,0.1298828125
6855,0.080810546875,-1.0224609375,0.177978515625
6856,0.0751953125,-1.0009765625,0.16259765625
6857,0.064697265625,-0.987548828125,0.128662109375
6858,0.06689453125,-1.00634765625,0.130615234375
6859,0.058837890625,-1.001708984375,0.138916015625
6860,0.071533203125,-0.997802734375,0.13916015625
6861,0.078125,-1.004638671875,0.158203125
6862,0.070068359375,-0.98583984375,0.131591796875
6863,0.083251953125,-0.98193359375,0.117919921875
6864,0.05712890625,-1.00146484375,0.146240234375
6865,0.058837890625,-1.00439453125,0.15576171875
6866,0.083740234375,-0.987548828125,0.14111328125
6867,0.062744140625,-1.002197265625,0.1669921875
6868,0.05859375,-0.9892578125,0.14599609375
6869,0.08349609375,-0.982666015625,0.11083984375
6870,0.065185546875,-1.003662109375,0.138427734375
6871,0.073974609375,-0.99951171875,0.154296875
6872,0.095947265625,-0.99267578125,0.112060546875
6873,0.064208984375,-1.00244140625,0.09814453125
6874,0.059814453125,-1.010009765625,0.13232421875
6875,0.07861328125,-1.0029296875,0.135986328125
6876,0.07861328125,-1.0029296875,0.135986328125
6877,0.066650390625,-1.005859375,0.1484375
6878,0.07373046875,-1.00048828125,0.144287109375
6879,0.093994140625,-0.997802734375,0.145263671875
6880,0.068359375,-0.994384765625,0.143798828125
6881,0.06201171875,-1.00390625,0.14599609375
6882,0.078125,-1.00390625,0.13916015625
6883,0.064453125,-1.0009765625,0.130126953125
6884,0.063720703125,-1.004638671875,0.151123046875
6885,0.088134765625,-0.9794921875,0.1318359375
6886,0.070556640625,-0.967041015625,0.096435546875
6887,0.061279296875,-0.985595703125,0.114013671875
6888,0.07275390625,-1.001708984375,0.143310546875
6889,0.0595703125,-0.99658203125,0.1337890625
6890,0.080078125,-1.005615234375,0.154296875
6891,0.0771484375,-1.006591796875,0.170166015625
6892,0.064208984375,-0.98779296875,0.143310546875
6893,0.084716796875,-0.988525390625,0.136474609375
6894,0.070556640625,-1.0068359375,0.17578125
6895,0.076416015625,-1.0078125,0.18603515625
6896,0.08251953125,-0.99365234375,0.15673828125
6897,0.0634765625,-0.996337890625,0.1337890625
6898,0.07421875,-0.99609375,0.117431640625
6899,0.07275390625,-1.001708984375,0.129638671875
6900,0.058349609375,-1.00927734375,0.151123046875
6901,0.063720703125,-0.99951171875,0.142578125
6902,0.06884765625,-0.99462890625,0.13525390625
6903,0.06298828125,-1.0048828125,0.155029296875
6904,0.06298828125,-1.0048828125,0.155029296875
6905,0.06103515625,-1.00634765625,0.1396484375
6906,0.064697265625,-1.001708984375,0.1279296875
6907,0.0615234375,-1.00537109375,0.150146484375
6908,0.074951171875,-0.99365234375,0.15283203125
6909,0.07470703125,-0.98291015625,0.12939453125
6910,0.067626953125,-0.989501953125,0.136474609375
6911,0.078369140625,-1.00048828125,0.167724609375
6912,0.081298828125,-0.99951171875,0.162353515625
6913,0.077392578125,-0.999267578125,0.1484375
6914,0.056884765625,-1.000732421875,0.135986328125
6915,0.0673828125,-0.989013671875,0.11572265625
6916,0.072509765625,-0.998291015625,0.125732421875
6917,0.069580078125,-1.003662109375,0.13134765625
6918,0.07666015625,-0.9970703125,0.139404296875
6919,0.072021484375,-0.992919921875,0.139892578125
6920,0.074462890625,-0.994140625,0.13525390625
6921,0.067138671875,-0.993408203125,0.13427734375
6922,0.06982421875,-1.00537109375,0.1357421875
6923,0.06103515625,-1.018310546875,0.156005859375
6924,0.064697265625,-1.005126953125,0.146484375
6925,0.080810546875,-0.994140625,0.14501953125
6926,0.065673828125,-1.003173828125,0.161376953125
6927,0.062255859375,-1.009033203125,0.15478515625
6928,0.069091796875,-1.004638671875,0.155029296875
6929,0.0673828125,-1.001953125,0.165771484375
6930,0.070068359375,-0.99072265625,0.147216796875
6931,0.070068359375,-0.99072265625,0.147216796875
6932,0.0712890625,-0.982177734375,0.1279296875
6933,0.065673828125,-0.987548828125,0.126220703125
6934,0.0712890625,-1.00341796875,0.16357421875
6935,0.083984375,-0.99267578125,0.169921875
6936,0.070068359375,-0.977294921875,0.12255859375
6937,0.06005859375,-0.9931640625,0.111328125
6938,0.0703125,-1.00146484375,0.132080078125
6939,0.07177734375,-0.99609375,0.114990234375
6940,0.076416015625,-1.00341796875,0.108642578125
6941,0.076904296875,-0.999267578125,0.12548828125
6942,0.078857421875,-0.987060546875,0.0986328125
6943,0.0595703125,-0.9951171875,0.09814453125
6944,0.055908203125,-1.00537109375,0.13330078125
6945,0.095947265625,-0.989990234375,0.12109375
6946,0.08544921875,-0.99853515625,0.129150390625
6947,0.06640625,-1.01904296875,0.173583984375
6948,0.0732421875,-1.000732421875,0.139892578125
6949,0.07275390625,-1.008056640625,0.136962890625
6950,0.06494140625,-1.011474609375,0.169677734375
6951,0.067626953125,-0.99658203125,0.142822265625
6952,0.067626953125,-1.001953125,0.13623046875
6953,0.0673828125,-1.011474609375,0.1708984375
6954,0.076904296875,-1.006103515625,0.1689453125
6955,0.065673828125,-0.994873046875,0.134033203125
6956,0.06201171875,-0.997314453125,0.14501953125
6957,0.06201171875,-0.997314453125,0.14501953125
6958,0.06689453125,-0.987060546875,0.162109375
6959,0.064697265625,-0.981201171875,0.1435546875
6960,0.06689453125,-0.987060546875,0.150390625
6961,0.078125,-0.9814453125,0.159912109375
6962,0.0712890625,-0.98193359375,0.130126953125
6963,0.065185546875,-0.99365234375,0.144287109375
6964,0.078125,-1.0068359375,0.178955078125
6965,0.066162109375,-1.012451171875,0.16064453125
6966,0.064453125,-1.010986328125,0.14208984375
6967,0.077880859375,-0.99853515625,0.1279296875
6968,0.071533203125,-0.994873046875,0.124755859375
6969,0.07421875,-1.008056640625,0.159912109375
6970,0.08203125,-0.995361328125,0.142333984375
6971,0.07275390625,-0.997802734375,0.121337890625
6972,0.068115234375,-1.007568359375,0.145751953125
6973,0.068603515625,-0.999267578125,0.126220703125
6974,0.0712890625,-1.006103515625,0.1435546875
6975,0.06884765625,-1.003662109375,0.16259765625
6976,0.066162109375,-0.9970703125,0.13525390625
6977,0.059814453125,-1.007568359375,0.136474609375
6978,0.0576171875,-1.013916015625,0.162109375
6979,0.070068359375,-0.99560546875,0.152587890625
6980,0.066650390625,-0.992431640625,0.14453125
6981,0.068115234375,-0.993896484375,0.146240234375
6982,0.082275390625,-0.994873046875,0.149169921875
6983,0.077880859375,-0.998291015625,0.16357421875
6984,0.077880859375,-0.998291015625,0.16357421875
6985,0.051025390625,-0.99365234375,0.145751953125
6986,0.06005859375,-0.995361328125,0.1376953125
6987,0.08203125,-0.992919921875,0.135986328125
6988,0.073974609375,-0.99853515625,0.14208984375
6989,0.07275390625,-0.995849609375,0.146240234375
6990,0.0654296875,-0.99365234375,0.12841796875
6991,0.063232421875,-0.99755859375,0.126953125
6992,0.072021484375,-0.991943359375,0.13134765625
6993,0.07470703125,-0.996826171875,0.136962890625
6994,0.07177734375,-1.003173828125,0.148193359375
6995,0.0751953125,-1.005859375,0.1513671875
6996,0.07763671875,-1.010009765625,0.15771484375
6997,0.065185546875,-1.002685546875,0.135009765625
6998,0.060791015625,-1.006591796875,0.144775390625
6999,0.06884765625,-0.99560546875,0.146240234375
7000,0.068603515625,-0.986572265625,0.127685546875
7001,0.064697265625,-0.992919921875,0.143798828125
7002,0.072998046875,-0.994384765625,0.146240234375
7003,0.07080078125,-0.998291015625,0.1396484375
7004,0.066650390625,-0.993408203125,0.128662109375
7005,0.0703125,-0.992919921875,0.130615234375
7006,0.07568359375,-0.99072265625,0.129150390625
7007,0.069091796875,-0.994384765625,0.135986328125
7008,0.07177734375,-1.0,0.1357421875
7009,0.0732421875,-1.000732421875,0.12890625
7010,0.067626953125,-0.995361328125,0.121337890625
7011,0.072265625,-0.997314453125,0.13525390625
7012,0.072265625,-0.997314453125,0.13525390625
7013,0.080322265625,-0.993408203125,0.139404296875
7014,0.079345703125,-0.993896484375,0.131103515625
7015,0.071533203125,-1.004638671875,0.138916015625
7016,0.071533203125,-1.00341796875,0.12255859375
7017,0.064697265625,-0.998046875,0.13037109375
7018,0.06591796875,-0.995361328125,0.14404296875
7019,0.070068359375,-0.98974609375,0.123046875
7020,0.0732421875,-0.994384765625,0.1328125
7021,0.072021484375,-1.013671875,0.155029296875
7022,0.06494140625,-1.016357421875,0.153076171875
7023,0.059814453125,-1.001220703125,0.14501953125
7024,0.065185546875,-0.996826171875,0.14697265625
7025,0.06982421875,-0.994384765625,0.147216796875
7026,0.068115234375,-0.993408203125,0.14208984375
7027,0.070556640625,-1.006591796875,0.151611328125
7028,0.068603515625,-1.0107421875,0.162353515625
7029,0.07080078125,-1.001708984375,0.165283203125
7030,0.065673828125,-0.98681640625,0.12890625
7031,0.06640625,-0.991455078125,0.13623046875
7032,0.0693359375,-0.99560546875,0.155029296875
7033,0.068115234375,-0.99658203125,0.154052734375
7034,0.0751953125,-1.000732421875,0.16064453125
7035,0.073974609375,-0.999267578125,0.15234375
7036,0.0693359375,-0.99951171875,0.13916015625
7037,0.063232421875,-1.00244140625,0.128662109375
7038,0.064697265625,-1.002197265625,0.129638671875
7039,0.072509765625,-1.001708984375,0.13916015625
7040,0.075927734375,-1.000244140625,0.1455078125
7041,0.07470703125,-0.99853515625,0.13916015625
7042,0.07470703125,-0.99853515625,0.13916015625
7043,0.07568359375,-0.996826171875,0.130859375
7044,0.066162109375,-1.001708984375,0.140625
7045,0.06884765625,-0.997802734375,0.13037109375
7046,0.07568359375,-1.0009765625,0.12158203125
7047,0.068603515625,-1.010009765625,0.150390625
7048,0.07080078125,-1.0,0.14208984375
7049,0.071533203125,-0.994140625,0.136962890625
7050,0.065185546875,-0.990478515625,0.138916015625
7051,0.068115234375,-0.992431640625,0.1416015625
7052,0.06982421875,-1.00244140625,0.1572265625
7053,0.07080078125,-1.001708984375,0.155517578125
7054,0.07421875,-0.99609375,0.147216796875
7055,0.0654296875,-0.998779296875,0.1357421875
7056,0.06884765625,-0.994873046875,0.126220703125
7057,0.07373046875,-0.998046875,0.139892578125
7058,0.06884765625,-1.003662109375,0.163818359375
7059,0.0693359375,-0.99462890625,0.154541015625
7060,0.071044921875,-0.994873046875,0.143798828125
7061,0.068115234375,-0.9990234375,0.142333984375
7062,0.068359375,-0.998779296875,0.13720703125
7063,0.071533203125,-0.998046875,0.138427734375
7064,0.07177734375,-1.000244140625,0.1494140625
7065,0.07470703125,-1.00244140625,0.1513671875
7066,0.072509765625,-1.002685546875,0.141845703125
7067,0.066650390625,-1.0,0.140869140625
7068,0.06884765625,-0.997802734375,0.143310546875
7069,0.07080078125,-1.0,0.145751953125
7070,0.07080078125,-1.0,0.145751953125
7071,0.069580078125,-0.9990234375,0.145263671875
7072,0.067626953125,-0.994140625,0.137939453125
7073,0.06640625,-0.98876953125,0.127197265625
7074,0.070556640625,-0.989013671875,0.135498046875
7075,0.06982421875,-0.987060546875,0.13525390625
7076,0.067138671875,-0.992919921875,0.146484375
7077,0.06640625,-0.994873046875,0.150146484375
7078,0.0673828125,-0.99755859375,0.1484375
7079,0.066162109375,-0.9990234375,0.146484375
7080,0.06494140625,-0.99365234375,0.13525390625
7081,0.07080078125,-0.9931640625,0.13623046875
7082,0.072998046875,-0.99560546875,0.140380859375
7083,0.07373046875,-1.0,0.13671875
7084,0.0703125,-1.00341796875,0.135009765625
7085,0.069091796875,-1.0009765625,0.1337890625
7086,0.068603515625,-0.998046875,0.12744140625
7087,0.066650390625,-1.00244140625,0.132080078125
7088,0.067138671875,-1.003173828125,0.12890625
7089,0.0693359375,-1.003173828125,0.142822265625
7090,0.0673828125,-0.99755859375,0.139892578125
7091,0.067626953125,-0.999267578125,0.139404296875
7092,0.06787109375,-1.0,0.140869140625
7093,0.06591796875,-0.994873046875,0.13427734375
7094,0.066650390625,-0.999755859375,0.14794921875
7095,0.067138671875,-1.000732421875,0.145751953125
7096,0.064208984375,-1.00048828125,0.146484375
7097,0.064208984375,-1.00048828125,0.146484375
7098,0.061767578125,-1.0029296875,0.147216796875
7099,0.064697265625,-1.001708984375,0.14697265625
7100,0.06884765625,-0.9921875,0.14208984375
7101,0.071044921875,-0.990966796875,0.142578125
7102,0.0712890625,-0.99267578125,0.144775390625
7103,0.07177734375,-0.9931640625,0.1494140625
7104,0.070556640625,-0.989501953125,0.142578125
7105,0.072998046875,-0.98974609375,0.137939453125
7106,0.072021484375,-0.994384765625,0.132080078125
7107,0.070556640625,-0.997802734375,0.1328125
7108,0.071533203125,-1.0009765625,0.1455078125
7109,0.07177734375,-0.998779296875,0.142822265625
7110,0.07177734375,-0.995849609375,0.14208984375
7111,0.071044921875,-0.9951171875,0.135986328125
7112,0.0703125,-0.999755859375,0.1318359375
7113,0.06787109375,-1.000244140625,0.125244140625
7114,0.06982421875,-1.001708984375,0.12841796875
7115,0.070068359375,-1.00048828125,0.126220703125
7116,0.066162109375,-0.9970703125,0.130615234375
7117,0.068603515625,-0.99560546875,0.130615234375
7118,0.073974609375,-0.995849609375,0.12841796875
7119,0.07275390625,-0.994140625,0.135009765625
7120,0.06884765625,-0.9970703125,0.1435546875
7121,0.0693359375,-1.000732421875,0.146728515625
7122,0.0693359375,-1.0,0.139892578125
7123,0.069091796875,-0.998291015625,0.138427734375
7124,0.0712890625,-0.998779296875,0.13818359375
7125,0.0712890625,-0.998779296875,0.13818359375
7126,0.072265625,-1.002197265625,0.138671875
7127,0.069091796875,-1.0009765625,0.14111328125
7128,0.06787109375,-0.996337890625,0.145263671875
7129,0.068359375,-0.99658203125,0.14892578125
7130,0.067138671875,-0.9951171875,0.1474609375
7131,0.065185546875,-0.9951171875,0.141357421875
7132,0.063720703125,-1.000244140625,0.146728515625
7133,0.066162109375,-1.000732421875,0.149658203125
7134,0.06982421875,-1.00439453125,0.153564453125
7135,0.0673828125,-1.00537109375,0.155517578125
7136,0.068115234375,-1.003173828125,0.156005859375
7137,0.0703125,-1.0,0.15185546875
7138,0.06787109375,-1.0,0.1474609375
7139,0.0654296875,-0.998779296875,0.14501953125
7140,0.06494140625,-0.998779296875,0.14453125
7141,0.06689453125,-1.003173828125,0.14208984375
7142,0.068359375,-1.001708984375,0.133544921875
7143,0.068603515625,-0.995361328125,0.134521484375
7144,0.06982421875,-0.99462890625,0.13818359375
7145,0.0751953125,-0.99609375,0.138671875
7146,0.0703125,-0.992919921875,0.1337890625
7147,0.068115234375,-0.9931640625,0.133056640625
7148,0.0703125,-0.992919921875,0.135498046875
7149,0.072265625,-0.993896484375,0.1376953125
7150,0.07470703125,-0.99560546875,0.140380859375
7151,0.071533203125,-0.99755859375,0.14453125
7152,0.071533203125,-0.99755859375,0.14453125
7153,0.072509765625,-0.996826171875,0.144775390625
7154,0.073486328125,-0.994140625,0.13720703125
7155,0.07373046875,-0.995361328125,0.1318359375
7156,0.07177734375,-0.99560546875,0.13232421875
7157,0.0673828125,-0.996337890625,0.1435546875
7158,0.0673828125,-0.997314453125,0.1484375
7159,0.0693359375,-0.999267578125,0.150390625
7160,0.071044921875,-0.998291015625,0.15087890625
7161,0.0693359375,-0.999755859375,0.14697265625
7162,0.064208984375,-0.999755859375,0.14208984375
7163,0.0654296875,-1.0,0.141845703125
7164,0.068115234375,-0.9990234375,0.14501953125
7165,0.072998046875,-0.99658203125,0.140869140625
7166,0.07470703125,-0.994384765625,0.140380859375
7167,0.0712890625,-0.9931640625,0.136962890625
7168,0.07177734375,-0.999267578125,0.13916015625
7169,0.071044921875,-0.998779296875,0.14013671875
7170,0.07080078125,-0.99658203125,0.13818359375
7171,0.072509765625,-0.997314453125,0.14013671875
7172,0.0712890625,-0.99658203125,0.13427734375
7173,0.068359375,-0.997802734375,0.131103515625
7174,0.067138671875,-0.99853515625,0.136474609375
7175,0.068603515625,-0.99853515625,0.13720703125
7176,0.070556640625,-1.001953125,0.13916015625
7177,0.072509765625,-1.001708984375,0.142333984375
7178,0.072265625,-0.998046875,0.142578125
7179,0.072265625,-0.998046875,0.142578125
7180,0.072265625,-0.9970703125,0.138427734375
7181,0.072021484375,-0.99609375,0.141357421875
7182,0.07080078125,-0.99853515625,0.147216796875
7183,0.071533203125,-0.998779296875,0.1455078125
7184,0.073974609375,-0.997802734375,0.1416015625
7185,0.0712890625,-1.004638671875,0.13818359375
7186,0.067138671875,-1.00341796875,0.1337890625
7187,0.068603515625,-0.999267578125,0.133056640625
7188,0.07080078125,-0.99658203125,0.1376953125
7189,0.07080078125,-0.992919921875,0.13671875
7190,0.072021484375,-0.996826171875,0.140869140625
7191,0.0732421875,-0.998046875,0.140625
7192,0.070068359375,-0.996337890625,0.141357421875
7193,0.06689453125,-0.995361328125,0.145751953125
7194,0.06494140625,-0.99609375,0.14208984375
7195,0.070068359375,-0.998291015625,0.137451171875
7196,0.07373046875,-0.999755859375,0.135498046875
7197,0.07080078125,-0.998046875,0.136474609375
7198,0.070556640625,-0.995849609375,0.138671875
7199,0.07080078125,-0.99609375,0.1376953125
7200,0.069091796875,-0.996826171875,0.138427734375
7201,0.068115234375,-0.998046875,0.14794921875
7202,0.068115234375,-0.998291015625,0.156494140625
7203,0.068115234375,-0.997802734375,0.15283203125
7204,0.069091796875,-0.9990234375,0.143310546875
7205,0.069091796875,-0.9990234375,0.143310546875
7206,0.0693359375,-0.999267578125,0.1396484375
7207,0.0654296875,-0.997314453125,0.1474609375
7208,0.0654296875,-0.997314453125,0.1572265625
7209,0.06689453125,-0.997314453125,0.155517578125
7210,0.06494140625,-0.998291015625,0.15087890625
7211,0.069091796875,-0.99755859375,0.146484375
7212,0.07177734375,-0.996826171875,0.14404296875
7213,0.0712890625,-0.9990234375,0.14453125
7214,0.071533203125,-0.998779296875,0.146240234375
7215,0.072265625,-0.9990234375,0.142333984375
7216,0.07080078125,-0.996337890625,0.137451171875
7217,0.06787109375,-0.9921875,0.1416015625
7218,0.0712890625,-0.991455078125,0.143310546875
7219,0.07421875,-0.991943359375,0.1396484375
7220,0.071533203125,-0.994140625,0.14013671875
7221,0.069580078125,-0.99560546875,0.140625
7222,0.0703125,-0.996826171875,0.139892578125
7223,0.07080078125,-0.995361328125,0.13818359375
7224,0.071533203125,-0.99755859375,0.135986328125
7225,0.068359375,-0.99853515625,0.136962890625
7226,0.0654296875,-0.99658203125,0.139892578125
7227,0.0703125,-0.99658203125,0.142822265625
7228,0.070556640625,-0.9970703125,0.14453125
7229,0.0673828125,-0.9990234375,0.14306640625
7230,0.070068359375,-0.99951171875,0.140869140625
7231,0.0712890625,-0.99951171875,0.145263671875
7232,0.069580078125,-1.002197265625,0.148681640625
7233,0.070556640625,-1.00146484375,0.145751953125
7234,0.071044921875,-0.997314453125,0.143798828125
7235,0.068603515625,-0.9990234375,0.14453125
7236,0.06787109375,-0.9990234375,0.14111328125
7237,0.06787109375,-0.9990234375,0.14111328125
7238,0.0673828125,-0.9990234375,0.13916015625
7239,0.068603515625,-1.00048828125,0.141357421875
7240,0.071044921875,-0.9990234375,0.139892578125
7241,0.0703125,-0.99658203125,0.13720703125
7242,0.068603515625,-0.99853515625,0.138427734375
7243,0.07177734375,-0.999755859375,0.13818359375
7244,0.07177734375,-0.99853515625,0.141357421875
7245,0.06884765625,-0.9990234375,0.143798828125
7246,0.06982421875,-0.998291015625,0.136962890625
7247,0.072998046875,-0.998046875,0.132080078125
7248,0.072509765625,-0.99755859375,0.13134765625
7249,0.070556640625,-0.99853515625,0.1376953125
7250,0.0712890625,-0.997802734375,0.138671875
7251,0.0712890625,-0.99658203125,0.13525390625
7252,0.072021484375,-0.998046875,0.139404296875
7253,0.073974609375,-0.997802734375,0.137939453125
7254,0.073486328125,-0.99853515625,0.136962890625
7255,0.069091796875,-0.9990234375,0.1376953125
7256,0.070556640625,-0.99609375,0.137451171875
7257,0.073974609375,-0.992431640625,0.138916015625
7258,0.075927734375,-0.99169921875,0.139404296875
7259,0.072998046875,-0.998046875,0.145263671875
7260,0.06689453125,-1.0,0.15185546875
7261,0.069580078125,-0.996826171875,0.14501953125
7262,0.07275390625,-0.999755859375,0.141845703125
7263,0.0712890625,-1.001708984375,0.142822265625
7264,0.0712890625,-1.001708984375,0.142822265625
7265,0.072021484375,-0.997802734375,0.140625
7266,0.0693359375,-0.99755859375,0.138427734375
7267,0.06884765625,-1.00244140625,0.138427734375
7268,0.074462890625,-1.000732421875,0.139892578125
7269,0.073486328125,-0.9990234375,0.142578125
7270,0.06689453125,-1.000244140625,0.146484375
7271,0.06640625,-1.00048828125,0.142578125
7272,0.073486328125,-0.999267578125,0.142578125
7273,0.072265625,-0.997802734375,0.14501953125
7274,0.066162109375,-0.9990234375,0.14453125
7275,0.072998046875,-0.9951171875,0.1435546875
7276,0.0751953125,-0.995849609375,0.142333984375
7277,0.064697265625,-1.001220703125,0.1435546875
7278,0.065185546875,-0.998779296875,0.14599609375
7279,0.068359375,-0.995361328125,0.148193359375
7280,0.068359375,-0.997314453125,0.143798828125
7281,0.072998046875,-0.998046875,0.13916015625
7282,0.069580078125,-0.9970703125,0.139892578125
7283,0.06689453125,-0.99609375,0.139892578125
7284,0.068359375,-0.99609375,0.143310546875
7285,0.07177734375,-0.99658203125,0.146484375
7286,0.068115234375,-1.000244140625,0.145751953125
7287,0.069580078125,-1.000244140625,0.14306640625
7288,0.069091796875,-0.998779296875,0.141845703125
7289,0.07080078125,-0.995849609375,0.140625
7290,0.07080078125,-0.995849609375,0.140625
7291,0.075439453125,-0.995361328125,0.141357421875
7292,0.07177734375,-0.9970703125,0.140380859375
7293,0.072021484375,-0.996826171875,0.140625
7294,0.06982421875,-1.00146484375,0.155029296875
7295,0.071044921875,-0.999755859375,0.1533203125
7296,0.064697265625,-0.998046875,0.13623046875
7297,0.06689453125,-0.99560546875,0.141357421875
7298,0.072265625,-0.993408203125,0.14453125
7299,0.06689453125,-0.994140625,0.140625
7300,0.068603515625,-0.995849609375,0.14697265625
7301,0.07177734375,-0.99755859375,0.14453125
7302,0.069091796875,-1.00146484375,0.14599609375
7303,0.069091796875,-0.999267578125,0.14013671875
7304,0.07177734375,-1.000244140625,0.143310546875
7305,0.0673828125,-1.003662109375,0.151611328125
7306,0.0654296875,-0.996826171875,0.138916015625
7307,0.07275390625,-0.996826171875,0.140380859375
7308,0.069091796875,-0.99853515625,0.146728515625
7309,0.0654296875,-0.998291015625,0.146240234375
7310,0.069091796875,-1.001953125,0.152099609375
7311,0.069580078125,-0.99951171875,0.14404296875
7312,0.072265625,-0.994140625,0.13525390625
7313,0.070556640625,-0.99951171875,0.149658203125
7314,0.067626953125,-0.99462890625,0.13671875
7315,0.069580078125,-0.98779296875,0.133544921875
7316,0.07373046875,-0.996826171875,0.15673828125
7317,0.069580078125,-0.99609375,0.137939453125
7318,0.06884765625,-0.995361328125,0.132080078125
7319,0.072265625,-0.99951171875,0.13671875
7320,0.069091796875,-0.998046875,0.124755859375
7321,0.06787109375,-1.000732421875,0.1318359375
7322,0.0732421875,-1.000732421875,0.136962890625
7323,0.0693359375,-0.995361328125,0.133544921875
7324,0.06298828125,-0.998291015625,0.1396484375
7325,0.06298828125,-0.998291015625,0.1396484375
7326,0.069091796875,-0.996826171875,0.135498046875
7327,0.07470703125,-0.996826171875,0.137451171875
7328,0.0712890625,-0.997802734375,0.140625
7329,0.06884765625,-0.993896484375,0.135498046875
7330,0.072509765625,-0.99755859375,0.140380859375
7331,0.068359375,-1.00048828125,0.138916015625
7332,0.065673828125,-0.998779296875,0.141845703125
7333,0.06640625,-0.996337890625,0.141845703125
7334,0.068115234375,-1.001220703125,0.14111328125
7335,0.07080078125,-1.001220703125,0.13330078125
7336,0.07080078125,-0.999755859375,0.141357421875
7337,0.06787109375,-0.99658203125,0.147216796875
7338,0.06982421875,-0.994873046875,0.14404296875
7339,0.07421875,-0.994140625,0.1376953125
7340,0.067626953125,-0.998046875,0.144287109375
7341,0.068603515625,-0.997802734375,0.148681640625
7342,0.07568359375,-0.9970703125,0.145751953125
7343,0.068115234375,-1.006591796875,0.151123046875
7344,0.062744140625,-1.000732421875,0.13427734375
7345,0.06689453125,-0.99609375,0.139892578125
7346,0.067626953125,-0.9931640625,0.145263671875
7347,0.07275390625,-0.99169921875,0.149658203125
7348,0.072265625,-0.995849609375,0.1533203125
7349,0.06884765625,-1.000244140625,0.146240234375
7350,0.068115234375,-0.995849609375,0.137939453125
7351,0.068115234375,-0.995849609375,0.137939453125
7352,0.0712890625,-0.99609375,0.14599609375
7353,0.070556640625,-0.998779296875,0.142578125
7354,0.06591796875,-0.9990234375,0.135986328125
7355,0.066650390625,-0.999267578125,0.14208984375
7356,0.069091796875,-0.998046875,0.14208984375
7357,0.0712890625,-1.000732421875,0.144287109375
7358,0.066650390625,-1.001708984375,0.143310546875
7359,0.07373046875,-0.99853515625,0.140625
7360,0.07275390625,-0.9951171875,0.136474609375
7361,0.0693359375,-0.997802734375,0.137451171875
7362,0.067138671875,-0.99609375,0.131591796875
7363,0.069580078125,-0.997802734375,0.14111328125
7364,0.0712890625,-1.000732421875,0.154541015625
7365,0.0703125,-0.998291015625,0.148681640625
7366,0.066650390625,-0.999267578125,0.14306640625
7367,0.07080078125,-0.9931640625,0.146240234375
7368,0.057373046875,-0.9990234375,0.145751953125
7369,0.074462890625,-0.991455078125,0.13720703125
7370,0.06591796875,-1.0029296875,0.1533203125
7371,0.060791015625,-0.99755859375,0.145751953125
7372,0.083984375,-0.99853515625,0.146240234375
7373,0.070068359375,-0.98974609375,0.149658203125
7374,0.05419921875,-0.998779296875,0.146484375
7375,0.08349609375,-0.990234375,0.12548828125
7376,0.060791015625,-1.008056640625,0.1455078125
7377,0.060302734375,-1.013671875,0.137939453125
7378,0.060302734375,-1.013671875,0.137939453125
7379,0.1103515625,-0.984619140625,0.137939453125
7380,0.0302734375,-0.987548828125,0.130126953125
7381,0.06396484375,-0.986572265625,0.131591796875
7382,0.0908203125,-1.001953125,0.1533203125
7383,0.050537109375,-1.001708984375,0.134521484375
7384,0.088134765625,-1.015869140625,0.171630859375
7385,0.053466796875,-0.979736328125,0.1298828125
7386,0.06396484375,-0.988525390625,0.11767578125
7387,0.076171875,-0.998291015625,0.127197265625
7388,0.0595703125,-1.008056640625,0.16064453125
7389,0.09716796875,-1.000732421875,0.129150390625
7390,0.06494140625,-0.98779296875,0.163818359375
7391,0.06103515625,-0.994384765625,0.1416015625
7392,0.077880859375,-0.997314453125,0.125
7393,0.064453125,-1.005615234375,0.148193359375
7394,0.09912109375,-1.009521484375,0.1474609375
7395,0.05029296875,-0.9951171875,0.13916015625
7396,0.050048828125,-0.989501953125,0.12255859375
7397,0.083740234375,-1.01904296875,0.167724609375
7398,0.06298828125,-0.98876953125,0.125244140625
7399,0.099365234375,-1.007080078125,0.14990234375
7400,0.05078125,-0.9990234375,0.15380859375
7401,0.06396484375,-0.98681640625,0.15234375
7402,0.07177734375,-1.018310546875,0.139892578125
7403,0.082763671875,-0.983642578125,0.117431640625
7404,0.082763671875,-0.983642578125,0.117431640625
7405,0.07666015625,-1.01513671875,0.172607421875
7406,0.045654296875,-0.976318359375,0.10546875
7407,0.08544921875,-0.990478515625,0.1630859375
7408,0.0478515625,-1.01416015625,0.155517578125
7409,0.11865234375,-0.99267578125,0.120361328125
7410,0.04736328125,-1.022216796875,0.189697265625
7411,0.053955078125,-0.968017578125,0.078125
7412,0.08349609375,-1.016357421875,0.189697265625
7413,0.046142578125,-1.00830078125,0.161376953125
7414,0.120849609375,-0.98095703125,0.09423828125
7415,0.019287109375,-1.019775390625,0.207763671875
7416,0.078125,-0.967041015625,0.072021484375
7417,0.079345703125,-1.010986328125,0.16259765625
7418,0.07958984375,-1.02490234375,0.20068359375
7419,0.0732421875,-0.974365234375,0.075927734375
7420,0.0546875,-0.990234375,0.17333984375
7421,0.065673828125,-1.010009765625,0.127685546875
7422,0.08251953125,-0.980712890625,0.1083984375
7423,0.0849609375,-1.02880859375,0.201171875
7424,0.029052734375,-0.99169921875,0.103271484375
7425,0.07373046875,-0.974853515625,0.10791015625
7426,0.07470703125,-1.022216796875,0.188720703125
7427,0.107421875,-0.986083984375,0.1181640625
7428,0.029541015625,-1.0185546875,0.178466796875
7429,0.086669921875,-0.974365234375,0.115966796875
7430,0.06201171875,-1.007080078125,0.111572265625
7431,0.105224609375,-1.006103515625,0.19873046875
7432,0.105224609375,-1.006103515625,0.19873046875
7433,0.052490234375,-0.995361328125,0.107666015625
7434,0.044677734375,-0.99853515625,0.161376953125
7435,0.08984375,-0.98779296875,0.10009765625
7436,0.080810546875,-0.9990234375,0.13525390625
7437,0.076171875,-1.0146484375,0.195068359375
7438,0.03125,-0.994384765625,0.117431640625
7439,0.090576171875,-1.006591796875,0.174560546875
7440,0.07470703125,-0.986328125,0.065673828125
7441,0.07080078125,-1.008544921875,0.19189453125
7442,0.037841796875,-0.99365234375,0.138427734375
7443,0.078369140625,-1.007568359375,0.156982421875
7444,0.0888671875,-0.9912109375,0.135986328125
7445,0.055419921875,-1.0126953125,0.160888671875
7446,0.048828125,-0.963134765625,0.07568359375
7447,0.085693359375,-0.997314453125,0.1455078125
7448,0.090576171875,-1.008056640625,0.18212890625
7449,0.04931640625,-1.004638671875,0.155029296875
7450,0.037109375,-1.004638671875,0.16162109375
7451,0.0947265625,-0.954345703125,0.03515625
7452,0.080078125,-1.029296875,0.222900390625
7453,0.04248046875,-1.009521484375,0.16259765625
7454,0.077880859375,-1.02294921875,0.201171875
7455,0.086669921875,-0.95849609375,0.04150390625
7456,0.072998046875,-1.01318359375,0.174560546875
7457,0.033447265625,-0.992919921875,0.146728515625
7458,0.033447265625,-0.992919921875,0.146728515625
7459,0.089111328125,-1.015625,0.162353515625
7460,0.072509765625,-0.978515625,0.0771484375
7461,0.064697265625,-1.01123046875,0.208984375
7462,0.073486328125,-0.980712890625,0.09375
7463,0.055908203125,-0.999267578125,0.134765625
7464,0.08203125,-0.983154296875,0.122314453125
7465,0.065185546875,-1.0087890625,0.15625
7466,0.08349609375,-1.01123046875,0.1806640625
7467,0.062744140625,-0.982177734375,0.0927734375
7468,0.0654296875,-1.017578125,0.200927734375
7469,0.057861328125,-0.967041015625,0.043212890625
7470,0.08154296875,-1.02587890625,0.224853515625
7471,0.06005859375,-0.993408203125,0.1103515625
7472,0.061279296875,-1.001220703125,0.141357421875
7473,0.074462890625,-0.998779296875,0.148681640625
7474,0.076416015625,-1.0146484375,0.211669921875
7475,0.07568359375,-0.983642578125,0.11083984375
7476,0.07666015625,-0.97412109375,0.09033203125
7477,0.07080078125,-1.015625,0.166748046875
7478,0.068603515625,-0.99609375,0.167724609375
7479,0.08447265625,-0.9755859375,0.112060546875
7480,0.06396484375,-0.999267578125,0.130126953125
7481,0.07080078125,-1.00390625,0.144775390625
7482,0.06298828125,-0.994384765625,0.11474609375
7483,0.076171875,-0.993896484375,0.154052734375
7484,0.076171875,-0.993896484375,0.154052734375
7485,0.058349609375,-1.009521484375,0.142578125
7486,0.066650390625,-1.00830078125,0.158203125
7487,0.07861328125,-0.991943359375,0.102294921875
7488,0.067626953125,-1.002685546875,0.169677734375
7489,0.076171875,-0.993896484375,0.154052734375
7490,0.067138671875,-1.00244140625,0.1650390625
7491,0.0771484375,-0.98486328125,0.10791015625
7492,0.071044921875,-1.0146484375,0.172119140625
7493,0.077880859375,-0.998046875,0.161376953125
7494,0.067626953125,-0.996826171875,0.124267578125
7495,0.077392578125,-0.98681640625,0.135986328125
7496,0.070556640625,-0.997802734375,0.115478515625
7497,0.07080078125,-1.002197265625,0.180908203125
7498,0.065185546875,-0.999755859375,0.135498046875
7499,0.07080078125,-0.98291015625,0.127197265625
7500,0.064697265625,-1.005615234375,0.154296875
7501,0.0693359375,-1.002197265625,0.15234375
7502,0.0751953125,-0.987548828125,0.1259765625
7503,0.072265625,-0.997802734375,0.142578125
7504,0.0703125,-0.99658203125,0.15625
7505,0.07373046875,-1.005859375,0.15625
7506,0.07861328125,-0.98388671875,0.11865234375
7507,0.0703125,-1.005615234375,0.150634765625
7508,0.074462890625,-1.00048828125,0.159423828125
7509,0.071044921875,-1.008544921875,0.1416015625
7510,0.06494140625,-0.994384765625,0.125244140625
7511,0.06494140625,-0.994384765625,0.125244140625
7512,0.0712890625,-1.000244140625,0.1318359375
7513,0.069091796875,-0.993896484375,0.130126953125
7514,0.07421875,-1.001708984375,0.1552734375
7515,0.07275390625,-0.99658203125,0.154541015625
7516,0.068359375,-0.9921875,0.138916015625
7517,0.072021484375,-0.997314453125,0.137451171875
7518,0.064453125,-1.001220703125,0.148681640625
7519,0.067626953125,-1.012939453125,0.179443359375
7520,0.06787109375,-0.986083984375,0.1220703125
7521,0.072998046875,-1.002197265625,0.154052734375
7522,0.068359375,-0.999755859375,0.125
7523,0.063232421875,-1.017333984375,0.158447265625
7524,0.066650390625,-0.998046875,0.1376953125
7525,0.067626953125,-0.995849609375,0.137939453125
7526,0.072265625,-0.998046875,0.145263671875
7527,0.075439453125,-0.984375,0.114501953125
7528,0.070556640625,-1.004638671875,0.16650390625
7529,0.07861328125,-0.980224609375,0.1162109375
7530,0.071533203125,-1.002685546875,0.1728515625
7531,0.0673828125,-0.98779296875,0.140380859375
7532,0.065185546875,-1.000732421875,0.141845703125
7533,0.067138671875,-0.98876953125,0.112060546875
7534,0.0673828125,-1.007568359375,0.1669921875
7535,0.0634765625,-1.001220703125,0.141357421875
7536,0.068603515625,-0.996826171875,0.130859375
7537,0.06689453125,-0.99853515625,0.1279296875
7538,0.07421875,-1.00048828125,0.142822265625
7539,0.07421875,-1.00048828125,0.142822265625
7540,0.076904296875,-1.0,0.155517578125
7541,0.074462890625,-0.9873046875,0.1259765625
7542,0.069580078125,-1.00439453125,0.14697265625
7543,0.071044921875,-0.9970703125,0.125
7544,0.06689453125,-1.005126953125,0.153076171875
7545,0.063720703125,-0.99072265625,0.12939453125
7546,0.068359375,-1.005859375,0.153076171875
7547,0.064208984375,-0.9990234375,0.119384765625
7548,0.06298828125,-1.008544921875,0.147216796875
7549,0.072265625,-0.99462890625,0.13232421875
7550,0.073486328125,-0.99462890625,0.1416015625
7551,0.0654296875,-1.008056640625,0.158935546875
7552,0.0703125,-0.9892578125,0.13427734375
7553,0.068603515625,-0.98779296875,0.136962890625
7554,0.0791015625,-0.992919921875,0.141845703125
7555,0.074951171875,-1.002685546875,0.158447265625
7556,0.061279296875,-0.99658203125,0.1259765625
7557,0.071533203125,-1.005859375,0.150390625
7558,0.065185546875,-1.0,0.12939453125
7559,0.062255859375,-1.00830078125,0.138671875
7560,0.061279296875,-0.999755859375,0.12158203125
7561,0.06982421875,-0.994384765625,0.140380859375
7562,0.08251953125,-0.99462890625,0.149658203125
7563,0.0673828125,-0.99755859375,0.14208984375
7564,0.06640625,-0.99951171875,0.143798828125
7565,0.07470703125,-0.996337890625,0.139892578125
7566,0.07470703125,-0.996337890625,0.139892578125
7567,0.073974609375,-1.0078125,0.155029296875
7568,0.07958984375,-1.00341796875,0.134033203125
7569,0.060791015625,-1.000244140625,0.130126953125
7570,0.057861328125,-1.00146484375,0.14501953125
7571,0.080322265625,-0.999267578125,0.149169921875
7572,0.072509765625,-0.993408203125,0.13818359375
7573,0.069580078125,-0.98779296875,0.13330078125
7574,0.07080078125,-1.00048828125,0.169189453125
7575,0.074462890625,-0.998291015625,0.15869140625
7576,0.099853515625,-0.98095703125,0.131591796875
7577,0.058349609375,-0.99609375,0.134033203125
7578,0.047607421875,-1.006103515625,0.1455078125
7579,0.09521484375,-1.00537109375,0.13623046875
7580,0.068115234375,-1.0126953125,0.140869140625
7581,0.041015625,-1.000732421875,0.12890625
7582,0.076904296875,-0.98681640625,0.113525390625
7583,0.0810546875,-1.008544921875,0.168212890625
7584,0.06298828125,-0.978271484375,0.12255859375
7585,0.07763671875,-0.982177734375,0.156005859375
7586,0.073486328125,-1.010986328125,0.20166015625
7587,0.07470703125,-0.984375,0.123779296875
7588,0.07958984375,-1.000244140625,0.1611328125
7589,0.061767578125,-1.0048828125,0.14404296875
7590,0.06103515625,-0.999267578125,0.119873046875
7591,0.06982421875,-1.013427734375,0.174072265625
7592,0.06982421875,-1.013427734375,0.174072265625
7593,0.0634765625,-1.00341796875,0.114990234375
7594,0.062255859375,-0.98974609375,0.117919921875
7595,0.06591796875,-1.009521484375,0.19091796875
7596,0.080810546875,-0.98583984375,0.107421875
7597,0.074462890625,-0.989501953125,0.1298828125
7598,0.068603515625,-1.010986328125,0.172607421875
7599,0.076171875,-0.9912109375,0.132568359375
7600,0.07177734375,-0.999267578125,0.140380859375
7601,0.064697265625,-1.00927734375,0.1494140625
7602,0.069091796875,-0.9970703125,0.130126953125
7603,0.0703125,-0.999755859375,0.152587890625
7604,0.07177734375,-0.989501953125,0.127685546875
7605,0.070556640625,-1.00048828125,0.156982421875
7606,0.072265625,-0.992431640625,0.136474609375
7607,0.07421875,-0.98974609375,0.127685546875
7608,0.07080078125,-1.00537109375,0.170654296875
7609,0.0703125,-0.99755859375,0.11865234375
7610,0.064697265625,-1.00244140625,0.14599609375
7611,0.07470703125,-1.00830078125,0.150390625
7612,0.065673828125,-1.002197265625,0.14208984375
7613,0.064697265625,-0.9990234375,0.13720703125
7614,0.072998046875,-0.996337890625,0.132080078125
7615,0.070556640625,-0.99609375,0.14501953125
7616,0.077392578125,-0.998779296875,0.15673828125
7617,0.074462890625,-0.989013671875,0.134521484375
7618,0.07080078125,-0.993408203125,0.136474609375
7619,0.07080078125,-0.993408203125,0.136474609375
7620,0.0693359375,-0.99560546875,0.142822265625
7621,0.06982421875,-1.007080078125,0.15087890625
7622,0.06494140625,-0.99755859375,0.12939453125
7623,0.06787109375,-0.998046875,0.13427734375
7624,0.07080078125,-1.006591796875,0.15576171875
7625,0.068603515625,-0.998046875,0.148681640625
7626,0.070068359375,-0.989013671875,0.1279296875
7627,0.073974609375,-0.9892578125,0.1357421875
7628,0.0732421875,-0.996826171875,0.154541015625
7629,0.075439453125,-0.998779296875,0.15771484375
7630,0.072509765625,-0.996826171875,0.141845703125
7631,0.064453125,-0.998779296875,0.135498046875
7632,0.072021484375,-1.005859375,0.144775390625
7633,0.072021484375,-1.00537109375,0.140380859375
7634,0.06591796875,-1.0029296875,0.14794921875
7635,0.0654296875,-0.992431640625,0.132568359375
7636,0.0703125,-1.001953125,0.151123046875
7637,0.069091796875,-0.997314453125,0.134765625
7638,0.0712890625,-0.989990234375,0.133056640625
7639,0.07568359375,-0.993896484375,0.14111328125
7640,0.069091796875,-1.002685546875,0.146484375
7641,0.068603515625,-0.994873046875,0.134033203125
7642,0.064208984375,-0.998779296875,0.143310546875
7643,0.064453125,-1.002197265625,0.147216796875
7644,0.06298828125,-0.999755859375,0.1337890625
7645,0.069580078125,-1.004150390625,0.147705078125
7646,0.070556640625,-0.99853515625,0.13232421875
7647,0.06884765625,-1.00537109375,0.1591796875
7648,0.06884765625,-1.00537109375,0.1591796875
7649,0.06884765625,-0.994873046875,0.142333984375
7650,0.067626953125,-0.994140625,0.139404296875
7651,0.06689453125,-1.00244140625,0.15771484375
7652,0.063232421875,-0.99951171875,0.15234375
7653,0.064208984375,-0.99609375,0.13623046875
7654,0.060302734375,-1.005615234375,0.1435546875
7655,0.0634765625,-0.997802734375,0.141357421875
7656,0.0625,-0.997314453125,0.1376953125
7657,0.06494140625,-1.005859375,0.1435546875
7658,0.069091796875,-0.998046875,0.1474609375
7659,0.076171875,-0.994384765625,0.1630859375
7660,0.07958984375,-0.991455078125,0.146728515625
7661,0.080810546875,-0.9931640625,0.15576171875
7662,0.07958984375,-0.996826171875,0.1494140625
7663,0.07421875,-0.992919921875,0.13916015625
7664,0.07666015625,-0.991455078125,0.1298828125
7665,0.075927734375,-1.00341796875,0.13525390625
7666,0.07177734375,-1.00341796875,0.13916015625
7667,0.066650390625,-0.998291015625,0.127197265625
7668,0.072998046875,-0.991943359375,0.12939453125
7669,0.0712890625,-0.99853515625,0.14794921875
7670,0.0654296875,-1.001220703125,0.16357421875
7671,0.068115234375,-0.99365234375,0.136474609375
7672,0.070068359375,-0.998779296875,0.1484375
7673,0.068115234375,-0.997314453125,0.140625
7674,0.067138671875,-1.001953125,0.13671875
7675,0.066162109375,-0.998291015625,0.137451171875
7676,0.066162109375,-0.998291015625,0.137451171875
7677,0.062744140625,-0.995361328125,0.128173828125
7678,0.070556640625,-0.99755859375,0.134765625
7679,0.0751953125,-0.994140625,0.135498046875
7680,0.077392578125,-0.989990234375,0.127685546875
7681,0.075927734375,-0.997314453125,0.147216796875
7682,0.078857421875,-0.99560546875,0.150634765625
7683,0.07568359375,-0.99365234375,0.14501953125
7684,0.07080078125,-0.99755859375,0.14697265625
7685,0.07470703125,-0.999267578125,0.14306640625
7686,0.071044921875,-1.00341796875,0.1376953125
7687,0.064208984375,-1.00341796875,0.13671875
7688,0.058349609375,-1.002685546875,0.14697265625
7689,0.06103515625,-1.000732421875,0.137939453125
7690,0.0615234375,-1.0009765625,0.14111328125
7691,0.0634765625,-0.996826171875,0.1474609375
7692,0.067138671875,-0.992919921875,0.150390625
7693,0.06982421875,-0.988525390625,0.154296875
7694,0.07373046875,-0.99462890625,0.16455078125
7695,0.072021484375,-0.99658203125,0.147216796875
7696,0.070068359375,-0.999267578125,0.143310546875
7697,0.07275390625,-1.000244140625,0.14013671875
7698,0.0712890625,-0.995361328125,0.12109375
7699,0.071044921875,-0.998779296875,0.13232421875
7700,0.07470703125,-0.994384765625,0.130859375
7701,0.073486328125,-0.994384765625,0.140380859375
7702,0.072998046875,-0.99560546875,0.14892578125
7703,0.072998046875,-0.99560546875,0.14892578125
7704,0.073974609375,-0.99658203125,0.154541015625
7705,0.070556640625,-0.9951171875,0.1533203125
7706,0.064697265625,-0.995361328125,0.144775390625
7707,0.067138671875,-0.99609375,0.13232421875
7708,0.067138671875,-1.001953125,0.13671875
7709,0.06787109375,-1.00048828125,0.13134765625
7710,0.070068359375,-0.9990234375,0.1318359375
7711,0.067138671875,-0.9990234375,0.142333984375
7712,0.07421875,-0.995361328125,0.14599609375
7713,0.074951171875,-0.99853515625,0.139892578125
7714,0.07373046875,-0.99169921875,0.13037109375
7715,0.07763671875,-0.987548828125,0.138916015625
7716,0.0732421875,-0.996826171875,0.141357421875
7717,0.068359375,-1.002197265625,0.134033203125
7718,0.065673828125,-1.004638671875,0.126220703125
7719,0.067138671875,-1.003662109375,0.130126953125
7720,0.064208984375,-1.0009765625,0.136962890625
7721,0.066162109375,-0.99853515625,0.141357421875
7722,0.065673828125,-0.99658203125,0.142333984375
7723,0.064697265625,-0.99560546875,0.1611328125
7724,0.066650390625,-0.99267578125,0.162109375
7725,0.06591796875,-0.99462890625,0.14794921875
7726,0.065673828125,-0.997314453125,0.149169921875
7727,0.067138671875,-1.001220703125,0.14697265625
7728,0.067138671875,-1.00244140625,0.138671875
7729,0.062255859375,-1.001953125,0.13232421875
7730,0.066162109375,-1.00537109375,0.13427734375
7731,0.0703125,-1.0009765625,0.14013671875
7732,0.07373046875,-0.999267578125,0.142333984375
7733,0.07421875,-0.994384765625,0.137939453125
7734,0.07763671875,-0.98828125,0.14697265625
7735,0.078369140625,-0.9892578125,0.144775390625
7736,0.076416015625,-0.98681640625,0.1396484375
7737,0.07666015625,-0.99560546875,0.1455078125
7738,0.072021484375,-1.00390625,0.143310546875
7739,0.0703125,-1.0029296875,0.13818359375
7740,0.066162109375,-1.005615234375,0.139404296875
7741,0.066162109375,-1.005615234375,0.139404296875
7742,0.066162109375,-1.001220703125,0.134521484375
7743,0.069580078125,-0.99658203125,0.1337890625
7744,0.07080078125,-0.994873046875,0.1484375
7745,0.073486328125,-0.993896484375,0.1494140625
7746,0.074951171875,-0.99560546875,0.139404296875
7747,0.07177734375,-0.996337890625,0.143798828125
7748,0.072509765625,-0.994873046875,0.148681640625
7749,0.069091796875,-1.000244140625,0.135498046875
7750,0.0634765625,-1.00244140625,0.13623046875
7751,0.067138671875,-1.000732421875,0.13232421875
7752,0.07177734375,-0.99853515625,0.136962890625
7753,0.068603515625,-0.9990234375,0.156005859375
7754,0.066162109375,-0.998291015625,0.1474609375
7755,0.0751953125,-0.99609375,0.15673828125
7756,0.07275390625,-0.994873046875,0.151123046875
7757,0.07080078125,-0.98876953125,0.140869140625
7758,0.0673828125,-0.99609375,0.157958984375
7759,0.059814453125,-0.99853515625,0.135009765625
7760,0.06201171875,-1.007568359375,0.1484375
7761,0.0615234375,-1.004638671875,0.14599609375
7762,0.06689453125,-0.993896484375,0.116943359375
7763,0.070556640625,-1.001708984375,0.146728515625
7764,0.07470703125,-0.993408203125,0.137939453125
7765,0.07763671875,-0.99267578125,0.138427734375
7766,0.071533203125,-0.994384765625,0.1552734375
7767,0.07373046875,-0.990966796875,0.126708984375
7768,0.07373046875,-0.990966796875,0.126708984375
7769,0.073486328125,-0.998046875,0.14990234375
7770,0.070068359375,-0.99951171875,0.145263671875
7771,0.066650390625,-0.997802734375,0.11767578125
7772,0.06689453125,-1.004150390625,0.14306640625
7773,0.08056640625,-0.99609375,0.115966796875
7774,0.060302734375,-1.00146484375,0.1357421875
7775,0.0693359375,-0.992919921875,0.150146484375
7776,0.084228515625,-0.98291015625,0.12109375
7777,0.071044921875,-0.997314453125,0.158447265625
7778,0.079345703125,-0.9931640625,0.140869140625
7779,0.0625,-0.997802734375,0.12548828125
7780,0.06982421875,-1.004638671875,0.15966796875
7781,0.059326171875,-0.998779296875,0.120361328125
7782,0.072265625,-0.998046875,0.13037109375
7783,0.070556640625,-1.010009765625,0.156982421875
7784,0.068603515625,-0.986328125,0.107421875
7785,0.089599609375,-0.9970703125,0.15625
7786,0.071044921875,-0.993408203125,0.137939453125
7787,0.085693359375,-0.98193359375,0.1240234375
7788,0.05859375,-1.0087890625,0.172607421875
7789,0.06689453125,-0.988037109375,0.107421875
7790,0.075439453125,-1.005615234375,0.152099609375
7791,0.059326171875,-1.01416015625,0.1669921875
7792,0.079345703125,-0.995361328125,0.11279296875
7793,0.06298828125,-1.0087890625,0.1630859375
7794,0.080810546875,-0.994140625,0.138671875
7795,0.080810546875,-0.994140625,0.138671875
7796,0.068115234375,-0.989501953125,0.141845703125
7797,0.062255859375,-1.002685546875,0.16357421875
7798,0.07421875,-0.99951171875,0.133056640625
7799,0.068115234375,-1.003173828125,0.144775390625
7800,0.06884765625,-1.01904296875,0.1552734375
7801,0.066650390625,-0.99365234375,0.11181640625
7802,0.0732421875,-1.002197265625,0.141357421875
7803,0.06201171875,-1.00537109375,0.155517578125
7804,0.081787109375,-0.975341796875,0.122314453125
7805,0.0625,-1.01123046875,0.185546875
7806,0.059814453125,-0.989990234375,0.1259765625
7807,0.08837890625,-0.989501953125,0.120361328125
7808,0.06103515625,-1.0185546875,0.1748046875
7809,0.06103515625,-0.99658203125,0.121337890625
7810,0.066162109375,-1.000244140625,0.140380859375
7811,0.0771484375,-1.004638671875,0.1591796875
7812,0.065673828125,-0.995361328125,0.130859375
7813,0.07373046875,-0.993896484375,0.15087890625
7814,0.075927734375,-1.003173828125,0.148193359375
7815,0.07275390625,-0.9814453125,0.1064453125
7816,0.082763671875,-1.0009765625,0.155517578125
7817,0.06201171875,-0.998779296875,0.12890625
7818,0.089111328125,-0.978759765625,0.106689453125
7819,0.06201171875,-1.0166015625,0.179443359375
7820,0.078369140625,-0.994140625,0.11962890625
7821,0.078369140625,-0.994140625,0.11962890625
7822,0.072998046875,-0.99462890625,0.134765625
7823,0.0732421875,-1.001708984375,0.15771484375
7824,0.0703125,-0.99951171875,0.140869140625
7825,0.066650390625,-0.97900390625,0.135498046875
7826,0.0888671875,-1.0068359375,0.15625
7827,0.064208984375,-0.99365234375,0.14208984375
7828,0.087890625,-0.97900390625,0.1259765625
7829,0.0703125,-1.0166015625,0.172607421875
7830,0.07275390625,-0.98291015625,0.13232421875
7831,0.051025390625,-1.00439453125,0.15283203125
7832,0.08544921875,-0.990966796875,0.144287109375
7833,0.070556640625,-1.00390625,0.139892578125
7834,0.048828125,-0.990966796875,0.140869140625
7835,0.0888671875,-0.98974609375,0.141845703125
7836,0.06591796875,-1.006103515625,0.159423828125
7837,0.0751953125,-0.981201171875,0.1279296875
7838,0.067626953125,-1.00830078125,0.15673828125
7839,0.080078125,-1.001953125,0.1474609375
7840,0.056640625,-1.006591796875,0.146484375
7841,0.084228515625,-0.98388671875,0.13720703125
7842,0.064453125,-1.0,0.120361328125
7843,0.057861328125,-0.989990234375,0.135009765625
7844,0.078125,-0.9912109375,0.135009765625
7845,0.06494140625,-1.009033203125,0.151123046875
7846,0.0654296875,-0.99462890625,0.123291015625
7847,0.06298828125,-0.998779296875,0.144287109375
7848,0.087158203125,-1.008544921875,0.15966796875
7849,0.06884765625,-0.994873046875,0.117919921875
7850,0.0791015625,-0.97265625,0.1328125
7851,0.06298828125,-1.009521484375,0.149169921875
7852,0.078369140625,-0.990478515625,0.12353515625
7853,0.078369140625,-0.990478515625,0.12353515625
7854,0.061279296875,-0.998291015625,0.144287109375
7855,0.06640625,-1.005126953125,0.156005859375
7856,0.0703125,-1.010009765625,0.15185546875
7857,0.060546875,-0.995849609375,0.14013671875
7858,0.08203125,-0.998291015625,0.13818359375
7859,0.07421875,-1.004638671875,0.1455078125
7860,0.058837890625,-0.983154296875,0.1318359375
7861,0.078857421875,-0.995361328125,0.126220703125
7862,0.085205078125,-0.99951171875,0.13525390625
7863,0.05859375,-1.00439453125,0.15185546875
7864,0.073486328125,-0.9912109375,0.135986328125
7865,0.063232421875,-1.006103515625,0.134521484375
7866,0.070556640625,-1.003662109375,0.15234375
7867,0.076904296875,-0.993408203125,0.156494140625
7868,0.069091796875,-1.0048828125,0.1748046875
7869,0.062255859375,-0.984619140625,0.117919921875
7870,0.084716796875,-1.004638671875,0.16162109375
7871,0.069580078125,-0.996337890625,0.13134765625
7872,0.05810546875,-1.00048828125,0.128662109375
7873,0.056884765625,-1.00439453125,0.166259765625
7874,0.07275390625,-0.996337890625,0.115478515625
7875,0.083740234375,-0.986572265625,0.1435546875
7876,0.070556640625,-1.001220703125,0.170166015625
7877,0.06884765625,-0.999755859375,0.14892578125
7878,0.078857421875,-0.977783203125,0.115478515625
7879,0.080810546875,-1.0087890625,0.17041015625
7880,0.080810546875,-1.0087890625,0.17041015625
7881,0.069091796875,-0.999267578125,0.128662109375
7882,0.053955078125,-1.0,0.126708984375
7883,0.061767578125,-0.990234375,0.119873046875
7884,0.092041015625,-1.006103515625,0.148193359375
7885,0.071533203125,-0.991943359375,0.14013671875
7886,0.062255859375,-0.997314453125,0.152099609375
7887,0.0771484375,-0.98388671875,0.133056640625
7888,0.0791015625,-1.007568359375,0.161865234375
7889,0.057861328125,-1.001953125,0.144775390625
7890,0.05712890625,-1.008056640625,0.152099609375
7891,0.0625,-0.9931640625,0.110107421875
7892,0.065673828125,-0.998291015625,0.13232421875
7893,0.07861328125,-1.003662109375,0.159423828125
7894,0.06494140625,-0.983642578125,0.114013671875
7895,0.0732421875,-0.99072265625,0.154052734375
7896,0.079833984375,-0.9912109375,0.135498046875
7897,0.062255859375,-1.010498046875,0.17724609375
7898,0.044189453125,-0.98583984375,0.111083984375
7899,0.076416015625,-1.017822265625,0.18505859375
7900,0.075927734375,-0.99755859375,0.120849609375
7901,0.06884765625,-0.995849609375,0.15625
7902,0.072265625,-0.98828125,0.135009765625
7903,0.074951171875,-0.996826171875,0.14453125
7904,0.080322265625,-0.994140625,0.135986328125
7905,0.068603515625,-1.012939453125,0.15771484375
7906,0.068603515625,-1.012939453125,0.15771484375
7907,0.05810546875,-1.012451171875,0.1474609375
7908,0.0615234375,-0.99755859375,0.112060546875
7909,0.083251953125,-1.009033203125,0.16552734375
7910,0.06982421875,-0.9921875,0.11865234375
7911,0.07421875,-0.99267578125,0.151611328125
7912,0.071044921875,-0.985107421875,0.11474609375
7913,0.076904296875,-1.000732421875,0.16162109375
7914,0.0703125,-0.995849609375,0.12841796875
7915,0.060546875,-1.0078125,0.152587890625
7916,0.065185546875,-1.008544921875,0.148681640625
7917,0.068115234375,-0.99853515625,0.123291015625
7918,0.07861328125,-0.99169921875,0.124755859375
7919,0.077880859375,-0.99267578125,0.1494140625
7920,0.078857421875,-0.99169921875,0.146728515625
7921,0.073486328125,-0.99072265625,0.12548828125
7922,0.069580078125,-1.002685546875,0.151611328125
7923,0.06103515625,-0.99755859375,0.121826171875
7924,0.066162109375,-1.003662109375,0.14990234375
7925,0.071533203125,-0.99560546875,0.139404296875
7926,0.072265625,-0.993408203125,0.158935546875
7927,0.076416015625,-0.981689453125,0.134033203125
7928,0.07275390625,-1.003173828125,0.170166015625
7929,0.07421875,-0.9921875,0.134765625
7930,0.0615234375,-1.005615234375,0.14404296875
7931,0.060791015625,-1.000244140625,0.132080078125
7932,0.065673828125,-1.00390625,0.136474609375
7933,0.065673828125,-1.00390625,0.136474609375
7934,0.074951171875,-1.002685546875,0.15087890625
7935,0.070068359375,-0.99072265625,0.124755859375
7936,0.080078125,-0.987548828125,0.154052734375
7937,0.07763671875,-0.992431640625,0.14697265625
7938,0.06396484375,-0.9951171875,0.14892578125
7939,0.060791015625,-0.99365234375,0.122802734375
7940,0.0654296875,-1.0048828125,0.1416015625
7941,0.067138671875,-1.005126953125,0.132080078125
7942,0.070556640625,-1.007568359375,0.159423828125
7943,0.075927734375,-0.986572265625,0.130126953125
7944,0.07763671875,-0.993408203125,0.149658203125
7945,0.0771484375,-0.997314453125,0.162841796875
7946,0.0634765625,-1.001708984375,0.140625
7947,0.062255859375,-0.999755859375,0.13525390625
7948,0.067626953125,-1.010986328125,0.142578125
7949,0.071044921875,-0.99658203125,0.12890625
7950,0.072998046875,-0.997314453125,0.144775390625
7951,0.076416015625,-0.989990234375,0.14306640625
7952,0.07470703125,-0.98974609375,0.148681640625
7953,0.070068359375,-0.999755859375,0.1669921875
7954,0.06787109375,-0.996337890625,0.146240234375
7955,0.062744140625,-1.0048828125,0.137451171875
7956,0.064208984375,-1.001220703125,0.125732421875
7957,0.072265625,-1.002197265625,0.13720703125
7958,0.08203125,-0.99072265625,0.13330078125
7959,0.077392578125,-0.9931640625,0.1416015625
7960,0.06591796875,-0.98876953125,0.1376953125
7961,0.06591796875,-0.98876953125,0.1376953125
7962,0.064453125,-1.004150390625,0.162353515625
7963,0.059814453125,-1.012939453125,0.162109375
7964,0.06494140625,-1.006591796875,0.142822265625
7965,0.07080078125,-0.997802734375,0.129638671875
7966,0.074462890625,-0.99267578125,0.129150390625
7967,0.076904296875,-0.999267578125,0.149169921875
7968,0.076904296875,-0.986328125,0.138916015625
7969,0.070068359375,-0.993408203125,0.145751953125
7970,0.06103515625,-1.000244140625,0.151123046875
7971,0.0625,-1.009521484375,0.146240234375
7972,0.06689453125,-1.00341796875,0.1298828125
7973,0.07421875,-1.00146484375,0.137451171875
7974,0.073974609375,-0.991943359375,0.135986328125
7975,0.07666015625,-0.993408203125,0.159423828125
7976,0.07373046875,-0.995361328125,0.151611328125
7977,0.068359375,-0.998046875,0.155029296875
7978,0.06103515625,-1.0107421875,0.148681640625
7979,0.06640625,-1.005859375,0.133056640625
7980,0.06787109375,-1.002197265625,0.129638671875
7981,0.071533203125,-0.99169921875,0.119384765625
7982,0.076904296875,-0.9951171875,0.152099609375
7983,0.073486328125,-0.9873046875,0.146240234375
7984,0.06884765625,-0.9931640625,0.158935546875
7985,0.06201171875,-0.994873046875,0.139892578125
7986,0.064208984375,-1.00634765625,0.147216796875
7987,0.0673828125,-1.0048828125,0.123779296875
7988,0.0673828125,-1.0048828125,0.123779296875
7989,0.073486328125,-1.0,0.128662109375
7990,0.07470703125,-0.993408203125,0.12841796875
7991,0.0751953125,-0.987548828125,0.13134765625
7992,0.073974609375,-0.995849609375,0.157958984375
7993,0.0654296875,-0.99365234375,0.150146484375
7994,0.05908203125,-1.00146484375,0.147216796875
7995,0.061767578125,-1.005126953125,0.1259765625
7996,0.069580078125,-1.005859375,0.135498046875
7997,0.074951171875,-0.991455078125,0.12353515625
7998,0.076416015625,-0.992919921875,0.13818359375
7999,0.0751953125,-0.98828125,0.1396484375
8000,0.067626953125,-0.99658203125,0.170166015625
8001,0.060302734375,-0.996826171875,0.153076171875
8002,0.06494140625,-1.00146484375,0.150634765625
8003,0.06982421875,-1.001953125,0.139404296875
8004,0.074462890625,-0.99609375,0.1318359375
8005,0.078125,-0.991943359375,0.136962890625
8006,0.07373046875,-0.990966796875,0.15185546875
8007,0.076171875,-0.995849609375,0.16943359375
8008,0.06640625,-0.998046875,0.15283203125
8009,0.056884765625,-1.002685546875,0.149169921875
8010,0.06494140625,-1.000732421875,0.126708984375
8011,0.078125,-0.99755859375,0.121337890625
8012,0.073486328125,-0.993896484375,0.125244140625
8013,0.071533203125,-0.990966796875,0.1376953125
8014,0.07568359375,-0.99462890625,0.148681640625
8015,0.07568359375,-0.99462890625,0.148681640625
8016,0.068359375,-1.001708984375,0.15478515625
8017,0.060791015625,-1.005859375,0.15673828125
8018,0.0625,-1.00439453125,0.1376953125
8019,0.068115234375,-1.0029296875,0.12939453125
8020,0.070068359375,-0.996337890625,0.123046875
8021,0.078369140625,-0.99267578125,0.133056640625
8022,0.077880859375,-0.99365234375,0.14697265625
8023,0.07421875,-0.992431640625,0.150634765625
8024,0.065673828125,-0.999755859375,0.15673828125
8025,0.060791015625,-1.001220703125,0.1484375
8026,0.064208984375,-1.002197265625,0.1357421875
8027,0.07470703125,-1.000732421875,0.12890625
8028,0.07568359375,-0.9970703125,0.12890625
8029,0.071533203125,-0.99658203125,0.139404296875
8030,0.078369140625,-0.99169921875,0.155517578125
8031,0.06689453125,-0.9921875,0.147705078125
8032,0.0556640625,-1.001708984375,0.148681640625
8033,0.05810546875,-1.005615234375,0.14208984375
8034,0.0654296875,-1.00390625,0.127685546875
8035,0.069091796875,-0.99658203125,0.131103515625
8036,0.075927734375,-0.991943359375,0.141845703125
8037,0.08154296875,-0.990478515625,0.144287109375
8038,0.07666015625,-0.99072265625,0.145263671875
8039,0.069580078125,-0.999267578125,0.1533203125
8040,0.0595703125,-1.00341796875,0.144287109375
8041,0.062255859375,-1.002685546875,0.136962890625
8042,0.07177734375,-0.9990234375,0.12548828125
8043,0.07177734375,-0.9990234375,0.12548828125
8044,0.076904296875,-1.0009765625,0.134765625
8045,0.07666015625,-0.99755859375,0.144775390625
8046,0.07763671875,-0.990478515625,0.15234375
8047,0.070556640625,-0.99658203125,0.15771484375
8048,0.059814453125,-1.00048828125,0.146484375
8049,0.05859375,-1.0048828125,0.142578125
8050,0.06396484375,-1.00390625,0.135986328125
8051,0.072509765625,-0.99755859375,0.12890625
8052,0.073974609375,-1.001220703125,0.142578125
8053,0.077392578125,-0.9931640625,0.148681640625
8054,0.07421875,-0.994384765625,0.155517578125
8055,0.067138671875,-0.999755859375,0.15380859375
8056,0.057373046875,-0.996826171875,0.13623046875
8057,0.0625,-0.999755859375,0.129638671875
8058,0.0712890625,-0.999755859375,0.1298828125
8059,0.075927734375,-0.995361328125,0.128662109375
8060,0.077880859375,-0.995849609375,0.141357421875
8061,0.073486328125,-0.99609375,0.159423828125
8062,0.06884765625,-0.998046875,0.158447265625
8063,0.061279296875,-1.005859375,0.14599609375
8064,0.06103515625,-1.0068359375,0.13232421875
8065,0.066162109375,-1.001708984375,0.123779296875
8066,0.07373046875,-0.994140625,0.12353515625
8067,0.0732421875,-0.9912109375,0.13623046875
8068,0.0751953125,-0.9951171875,0.154541015625
8069,0.075927734375,-1.0009765625,0.159912109375
8070,0.068115234375,-1.00390625,0.156494140625
8071,0.068115234375,-1.00390625,0.156494140625
8072,0.058837890625,-1.0048828125,0.141357421875
8073,0.058837890625,-1.0048828125,0.131103515625
8074,0.070068359375,-1.001953125,0.1337890625
8075,0.076171875,-0.99609375,0.12744140625
8076,0.08154296875,-0.99462890625,0.141845703125
8077,0.07958984375,-0.99169921875,0.154541015625
8078,0.071044921875,-0.993896484375,0.16064453125
8079,0.062255859375,-1.0009765625,0.154052734375
8080,0.059814453125,-1.00048828125,0.1376953125
8081,0.06591796875,-1.0009765625,0.131103515625
8082,0.072021484375,-0.995361328125,0.127685546875
8083,0.07275390625,-0.991943359375,0.140869140625
8084,0.076416015625,-0.992919921875,0.15283203125
8085,0.078857421875,-0.989990234375,0.1474609375
8086,0.06396484375,-1.0029296875,0.152587890625
8087,0.05712890625,-1.00830078125,0.14453125
8088,0.05908203125,-1.009033203125,0.138427734375
8089,0.0703125,-1.002685546875,0.126708984375
8090,0.076904296875,-0.994873046875,0.118896484375
8091,0.07763671875,-0.992919921875,0.140380859375
8092,0.07861328125,-0.986083984375,0.150390625
8093,0.07470703125,-0.98876953125,0.15478515625
8094,0.066162109375,-0.99755859375,0.149169921875
8095,0.06005859375,-1.002197265625,0.13232421875
8096,0.06689453125,-1.00634765625,0.130126953125
8097,0.0712890625,-1.0009765625,0.12255859375
8098,0.0712890625,-1.0009765625,0.12255859375
8099,0.0751953125,-0.993896484375,0.13671875
8100,0.07421875,-0.9931640625,0.15673828125
8101,0.074951171875,-0.990478515625,0.156494140625
8102,0.068115234375,-1.00146484375,0.169677734375
8103,0.0576171875,-1.001953125,0.149169921875
8104,0.060791015625,-1.005126953125,0.131103515625
8105,0.072998046875,-1.003662109375,0.11767578125
8106,0.073974609375,-0.996337890625,0.113525390625
8107,0.0703125,-0.9951171875,0.140869140625
8108,0.07666015625,-0.98876953125,0.1572265625
8109,0.07421875,-0.9931640625,0.159423828125
8110,0.069091796875,-0.996337890625,0.146728515625
8111,0.06298828125,-1.000244140625,0.136962890625
8112,0.068115234375,-1.00048828125,0.12939453125
8113,0.076904296875,-0.992431640625,0.122314453125
8114,0.075927734375,-0.994384765625,0.13525390625
8115,0.072998046875,-0.99609375,0.149658203125
8116,0.07080078125,-0.992431640625,0.158447265625
8117,0.070556640625,-0.99853515625,0.16064453125
8118,0.060546875,-1.00048828125,0.138427734375
8119,0.0595703125,-1.0009765625,0.1279296875
8120,0.06884765625,-0.998779296875,0.119384765625
8121,0.0732421875,-0.9990234375,0.125244140625
8122,0.074462890625,-0.9970703125,0.14404296875
8123,0.073486328125,-0.990966796875,0.1494140625
8124,0.0732421875,-0.993896484375,0.150634765625
8125,0.0732421875,-0.993896484375,0.150634765625
8126,0.06689453125,-0.999267578125,0.15380859375
8127,0.060546875,-1.005126953125,0.14208984375
8128,0.069580078125,-1.00146484375,0.130859375
8129,0.07763671875,-0.99658203125,0.12548828125
8130,0.073486328125,-0.99853515625,0.13525390625
8131,0.072998046875,-0.99658203125,0.158935546875
8132,0.073486328125,-0.994140625,0.158203125
8133,0.070068359375,-0.9990234375,0.158935546875
8134,0.0595703125,-1.00048828125,0.1455078125
8135,0.061767578125,-1.00439453125,0.13916015625
8136,0.072021484375,-1.0009765625,0.13232421875
8137,0.075439453125,-0.99365234375,0.123779296875
8138,0.076904296875,-0.99853515625,0.148193359375
8139,0.073486328125,-0.997314453125,0.15673828125
8140,0.06982421875,-0.9931640625,0.1533203125
8141,0.0625,-0.996337890625,0.1552734375
8142,0.0595703125,-1.000244140625,0.143798828125
8143,0.067626953125,-1.0009765625,0.13623046875
8144,0.07763671875,-0.996826171875,0.13232421875
8145,0.074462890625,-0.997802734375,0.13427734375
8146,0.072265625,-0.9990234375,0.155029296875
8147,0.077880859375,-0.990234375,0.1572265625
8148,0.070068359375,-0.994140625,0.158203125
8149,0.059326171875,-1.002197265625,0.14794921875
8150,0.0615234375,-1.006591796875,0.13232421875
8151,0.07177734375,-1.003662109375,0.12255859375
8152,0.07373046875,-0.996337890625,0.1181640625
8153,0.07373046875,-0.996337890625,0.1181640625
8154,0.073974609375,-1.002685546875,0.146728515625
8155,0.07763671875,-1.00146484375,0.157470703125
8156,0.07373046875,-0.99560546875,0.154541015625
8157,0.064208984375,-0.996826171875,0.14697265625
8158,0.06103515625,-0.99462890625,0.126220703125
8159,0.065673828125,-0.99951171875,0.12744140625
8160,0.07373046875,-0.99853515625,0.12744140625
8161,0.076171875,-0.997802734375,0.13134765625
8162,0.077392578125,-1.000244140625,0.150146484375
8163,0.080078125,-0.995849609375,0.148681640625
8164,0.064697265625,-1.00048828125,0.150634765625
8165,0.057373046875,-0.997314453125,0.14501953125
8166,0.0634765625,-0.997314453125,0.130615234375
8167,0.073486328125,-0.99609375,0.11474609375
8168,0.07470703125,-0.992431640625,0.120849609375
8169,0.07470703125,-0.9990234375,0.15234375
8170,0.079833984375,-0.9931640625,0.148193359375
8171,0.070068359375,-0.9951171875,0.149169921875
8172,0.065673828125,-1.00390625,0.15283203125
8173,0.0615234375,-1.00341796875,0.13623046875
8174,0.066162109375,-1.00244140625,0.126953125
8175,0.0732421875,-0.994873046875,0.1259765625
8176,0.074462890625,-0.99267578125,0.135009765625
8177,0.075927734375,-0.9921875,0.1474609375
8178,0.075927734375,-0.9873046875,0.15380859375
8179,0.070556640625,-0.9970703125,0.157470703125
8180,0.070556640625,-0.9970703125,0.157470703125
8181,0.06103515625,-0.999267578125,0.138916015625
8182,0.06298828125,-1.004638671875,0.1259765625
8183,0.07177734375,-1.002197265625,0.122314453125
8184,0.072021484375,-0.995849609375,0.126708984375
8185,0.072509765625,-1.003173828125,0.14794921875
8186,0.07763671875,-0.99462890625,0.155517578125
8187,0.071044921875,-0.99609375,0.155029296875
8188,0.065185546875,-1.002685546875,0.150634765625
8189,0.057373046875,-1.007568359375,0.146484375
8190,0.062255859375,-1.00537109375,0.126708984375
8191,0.072998046875,-0.9970703125,0.1201171875
8192,0.072265625,-0.999755859375,0.136962890625
8193,0.076416015625,-0.9990234375,0.155517578125
8194,0.076416015625,-0.99560546875,0.167236328125
8195,0.069580078125,-0.9990234375,0.153076171875
8196,0.060302734375,-1.000732421875,0.135009765625
8197,0.05810546875,-1.00341796875,0.135009765625
8198,0.065185546875,-0.99951171875,0.125
8199,0.072265625,-0.993408203125,0.12744140625
8200,0.074462890625,-0.995849609375,0.1455078125
8201,0.07421875,-0.98876953125,0.149658203125
8202,0.07177734375,-0.99072265625,0.158935546875
8203,0.065185546875,-1.000244140625,0.16162109375
8204,0.0576171875,-1.0,0.143310546875
8205,0.064453125,-0.998779296875,0.127685546875
8206,0.072021484375,-0.999755859375,0.129150390625
8207,0.072021484375,-0.999755859375,0.129150390625
8208,0.0693359375,-1.002197265625,0.14794921875
8209,0.0771484375,-0.99609375,0.163818359375
8210,0.080810546875,-0.99267578125,0.156005859375
8211,0.072509765625,-0.99755859375,0.14794921875
8212,0.061767578125,-0.997314453125,0.13525390625
8213,0.0625,-1.000732421875,0.125732421875
8214,0.0693359375,-1.002197265625,0.1171875
8215,0.074462890625,-0.991943359375,0.11279296875
8216,0.075927734375,-0.99365234375,0.14306640625
8217,0.0751953125,-0.995849609375,0.157470703125
8218,0.074462890625,-0.994140625,0.154052734375
8219,0.065185546875,-1.002197265625,0.154541015625
8220,0.0625,-1.001953125,0.12841796875
8221,0.066650390625,-1.005615234375,0.126708984375
8222,0.074951171875,-1.0029296875,0.13525390625
8223,0.074951171875,-0.993896484375,0.134765625
8224,0.07373046875,-0.994384765625,0.151611328125
8225,0.074462890625,-0.993896484375,0.153564453125
8226,0.063720703125,-0.99658203125,0.156494140625
8227,0.054931640625,-0.99853515625,0.14599609375
8228,0.056396484375,-1.0029296875,0.130615234375
8229,0.067626953125,-1.0029296875,0.121826171875
8230,0.073486328125,-0.99609375,0.11865234375
8231,0.07373046875,-0.999755859375,0.14697265625
8232,0.074951171875,-0.996826171875,0.15966796875
8233,0.075927734375,-0.993408203125,0.1552734375
8234,0.075927734375,-0.993408203125,0.1552734375
8235,0.066650390625,-1.00390625,0.157470703125
8236,0.06005859375,-0.9990234375,0.139404296875
8237,0.06884765625,-0.999267578125,0.12841796875
8238,0.078369140625,-0.999755859375,0.124755859375
8239,0.07763671875,-0.996826171875,0.133056640625
8240,0.077392578125,-0.999267578125,0.15185546875
8241,0.078125,-0.99267578125,0.15966796875
8242,0.067138671875,-0.997314453125,0.16015625
8243,0.06005859375,-0.995361328125,0.141357421875
8244,0.0595703125,-0.99169921875,0.13525390625
8245,0.06298828125,-0.99072265625,0.13134765625
8246,0.067626953125,-0.984375,0.129638671875
8247,0.071044921875,-0.98828125,0.15478515625
8248,0.074951171875,-0.986328125,0.15625
8249,0.06982421875,-0.98974609375,0.154541015625
8250,0.067138671875,-1.001953125,0.154296875
8251,0.0654296875,-1.00830078125,0.135986328125
8252,0.069091796875,-1.01318359375,0.126708984375
8253,0.072021484375,-1.010498046875,0.114990234375
8254,0.072021484375,-1.01171875,0.12451171875
8255,0.083251953125,-1.009521484375,0.1357421875
8256,0.085693359375,-0.995849609375,0.132080078125
8257,0.070068359375,-0.994384765625,0.132080078125
8258,0.061767578125,-0.99169921875,0.121826171875
8259,0.063232421875,-0.9970703125,0.127685546875
8260,0.068115234375,-1.002685546875,0.127685546875
8261,0.071044921875,-1.000244140625,0.13330078125
8262,0.074462890625,-1.008544921875,0.15869140625
8263,0.075927734375,-1.00732421875,0.16162109375
8264,0.066162109375,-1.01025390625,0.166259765625
8265,0.061767578125,-1.0078125,0.166259765625
8266,0.061767578125,-1.0078125,0.166259765625
8267,0.06005859375,-1.002197265625,0.15087890625
8268,0.068359375,-0.9970703125,0.13427734375
8269,0.075439453125,-0.99072265625,0.1357421875
8270,0.07763671875,-0.990234375,0.150390625
8271,0.08251953125,-0.981689453125,0.16357421875
8272,0.080078125,-0.98193359375,0.172607421875
8273,0.07177734375,-0.985595703125,0.1630859375
8274,0.0693359375,-0.99169921875,0.15380859375
8275,0.0673828125,-0.99658203125,0.1474609375
8276,0.063720703125,-0.996826171875,0.13427734375
8277,0.07568359375,-0.998779296875,0.13134765625
8278,0.079345703125,-1.0029296875,0.148681640625
8279,0.075927734375,-1.007080078125,0.156494140625
8280,0.07080078125,-1.0078125,0.15087890625
8281,0.064697265625,-1.006103515625,0.145263671875
8282,0.067138671875,-0.996337890625,0.11962890625
8283,0.071533203125,-0.9931640625,0.1083984375
8284,0.0712890625,-0.99951171875,0.126220703125
8285,0.066650390625,-0.997314453125,0.13671875
8286,0.070068359375,-0.994140625,0.14404296875
8287,0.0693359375,-0.994384765625,0.155517578125
8288,0.06640625,-1.000732421875,0.17041015625
8289,0.0615234375,-1.008544921875,0.158447265625
8290,0.061767578125,-1.010009765625,0.130859375
8291,0.062744140625,-1.010498046875,0.125732421875
8292,0.064697265625,-1.00927734375,0.128173828125
8293,0.064697265625,-1.00927734375,0.128173828125
8294,0.069091796875,-1.00537109375,0.13330078125
8295,0.07421875,-0.99658203125,0.14501953125
8296,0.07861328125,-0.990478515625,0.154052734375
8297,0.06884765625,-0.986328125,0.149658203125
8298,0.06396484375,-0.98681640625,0.129638671875
8299,0.066650390625,-0.993408203125,0.120849609375
8300,0.067626953125,-0.99365234375,0.13525390625
8301,0.074951171875,-0.99365234375,0.146240234375
8302,0.0810546875,-0.99658203125,0.159912109375
8303,0.07470703125,-0.999267578125,0.163330078125
8304,0.06103515625,-1.00341796875,0.16455078125
8305,0.053955078125,-1.0029296875,0.146484375
8306,0.06005859375,-1.0029296875,0.130615234375
8307,0.077392578125,-0.99365234375,0.122802734375
8308,0.078369140625,-1.00146484375,0.1357421875
8309,0.07666015625,-1.0068359375,0.146484375
8310,0.075927734375,-0.999267578125,0.14599609375
8311,0.075439453125,-0.990966796875,0.142578125
8312,0.0703125,-0.984375,0.132080078125
8313,0.07373046875,-0.99072265625,0.134521484375
8314,0.0693359375,-1.00244140625,0.130126953125
8315,0.0556640625,-1.001708984375,0.119140625
8316,0.068115234375,-1.000732421875,0.12744140625
8317,0.073974609375,-1.0,0.145751953125
8318,0.08642578125,-0.9912109375,0.148681640625
8319,0.08642578125,-0.9912109375,0.148681640625
8320,0.09228515625,-0.99462890625,0.165771484375
8321,0.074951171875,-0.996826171875,0.153564453125
8322,0.064208984375,-1.0,0.13037109375
8323,0.063720703125,-1.00146484375,0.10595703125
8324,0.061767578125,-1.004150390625,0.1181640625
8325,0.072265625,-0.994140625,0.1318359375
8326,0.07275390625,-0.99267578125,0.135498046875
8327,0.07763671875,-0.989990234375,0.14306640625
8328,0.08056640625,-0.988037109375,0.1435546875
8329,0.0771484375,-0.9951171875,0.152099609375
8330,0.065673828125,-0.996826171875,0.151611328125
8331,0.05712890625,-1.000244140625,0.1435546875
8332,0.06201171875,-1.01220703125,0.15087890625
8333,0.061279296875,-1.018798828125,0.14111328125
8334,0.072998046875,-1.016357421875,0.150634765625
8335,0.077392578125,-1.00048828125,0.155517578125
8336,0.077880859375,-0.98583984375,0.1552734375
8337,0.072021484375,-0.983642578125,0.15869140625
8338,0.062255859375,-0.983642578125,0.134765625
8339,0.055419921875,-0.993896484375,0.13232421875
8340,0.069580078125,-1.00341796875,0.123779296875
8341,0.0693359375,-1.00830078125,0.148193359375
8342,0.0732421875,-0.992919921875,0.146240234375
8343,0.078857421875,-0.985107421875,0.130859375
8344,0.071044921875,-1.003662109375,0.15869140625
8345,0.071044921875,-1.003662109375,0.15869140625
8346,0.064208984375,-1.010009765625,0.16162109375
8347,0.07470703125,-1.0,0.142822265625
8348,0.070556640625,-1.000244140625,0.140625
8349,0.07080078125,-1.0009765625,0.12060546875
8350,0.074951171875,-0.998779296875,0.13720703125
8351,0.07470703125,-0.978515625,0.107421875
8352,0.064697265625,-0.98291015625,0.1220703125
8353,0.064697265625,-0.98291015625,0.1220703125
8354,0.065185546875,-0.990966796875,0.1396484375
8355,0.066650390625,-0.99609375,0.140625
8356,0.068603515625,-0.99951171875,0.1357421875
8357,0.06982421875,-1.006103515625,0.139404296875
8358,0.07373046875,-1.010986328125,0.141845703125
8359,0.078125,-1.00390625,0.15673828125
8360,0.0771484375,-0.9931640625,0.1513671875
8361,0.073974609375,-0.9912109375,0.14794921875
8362,0.073974609375,-0.989501953125,0.133544921875
8363,0.076171875,-0.997314453125,0.1337890625
8364,0.066162109375,-1.002197265625,0.15380859375
8365,0.060546875,-1.00244140625,0.150634765625
8366,0.07373046875,-1.0087890625,0.1396484375
8367,0.072998046875,-1.012451171875,0.15283203125
8368,0.07421875,-0.99169921875,0.14111328125
8369,0.080810546875,-0.9833984375,0.121826171875
8370,0.062744140625,-0.99755859375,0.134765625
8371,0.07470703125,-0.989013671875,0.1494140625
8372,0.083251953125,-0.99755859375,0.142822265625
8373,0.04345703125,-1.00927734375,0.141357421875
8374,0.071044921875,-1.0029296875,0.150390625
8375,0.08154296875,-1.001953125,0.145751953125
8376,0.066162109375,-0.989013671875,0.14111328125
8377,0.079345703125,-0.99267578125,0.170654296875
8378,0.08447265625,-0.986083984375,0.145751953125
8379,0.070068359375,-1.001220703125,0.13134765625
8380,0.070068359375,-1.001220703125,0.13134765625
8381,0.054443359375,-1.015380859375,0.1533203125
8382,0.06201171875,-0.999755859375,0.121826171875
8383,0.061279296875,-0.982666015625,0.106201171875
8384,0.07080078125,-0.98974609375,0.11865234375
8385,0.067626953125,-0.999267578125,0.14208984375
8386,0.053466796875,-0.998291015625,0.141357421875
8387,0.09130859375,-0.99853515625,0.142822265625
8388,0.08740234375,-1.0107421875,0.178466796875
8389,0.058349609375,-1.00927734375,0.140380859375
8390,0.070556640625,-1.00048828125,0.131591796875
8391,0.064697265625,-1.01025390625,0.141845703125
8392,0.06591796875,-1.001708984375,0.138427734375
8393,0.07470703125,-0.98046875,0.124755859375
8394,0.07470703125,-0.982177734375,0.13623046875
8395,0.078857421875,-0.9912109375,0.156982421875
8396,0.073974609375,-0.989501953125,0.134033203125
8397,0.070556640625,-1.002197265625,0.16796875
8398,0.071044921875,-0.99462890625,0.150146484375
8399,0.065185546875,-0.99072265625,0.14453125
8400,0.057861328125,-0.997802734375,0.15673828125
8401,0.070068359375,-0.999755859375,0.152099609375
8402,0.075439453125,-1.00146484375,0.16845703125
8403,0.06787109375,-0.992431640625,0.150634765625
8404,0.08251953125,-0.9912109375,0.138427734375
8405,0.0654296875,-0.994140625,0.143798828125
8406,0.0654296875,-0.994140625,0.143798828125
8407,0.072998046875,-0.982177734375,0.13037109375
8408,0.0966796875,-0.994140625,0.140380859375
8409,0.060302734375,-0.99951171875,0.124755859375
8410,0.07275390625,-1.000244140625,0.141357421875
8411,0.087890625,-1.008056640625,0.15185546875
8412,0.0615234375,-1.005615234375,0.114013671875
8413,0.072021484375,-1.004638671875,0.101806640625
8414,0.08544921875,-1.006591796875,0.116455078125
8415,0.06787109375,-1.005126953125,0.138916015625
8416,0.071533203125,-0.993896484375,0.119873046875
8417,0.062744140625,-0.98779296875,0.085693359375
8418,0.0400390625,-1.01025390625,0.13134765625
8419,0.080810546875,-1.01318359375,0.1845703125
8420,0.083251953125,-0.986083984375,0.145263671875
8421,0.06982421875,-0.9814453125,0.126953125
8422,0.077392578125,-0.98779296875,0.134521484375
8423,0.0732421875,-1.006103515625,0.154052734375
8424,0.067626953125,-1.006591796875,0.153076171875
8425,0.056396484375,-1.00439453125,0.1552734375
8426,0.0673828125,-0.997314453125,0.138916015625
8427,0.067626953125,-0.994873046875,0.1435546875
8428,0.068359375,-1.000732421875,0.14013671875
8429,0.085205078125,-0.984619140625,0.12890625
8430,0.082763671875,-0.989990234375,0.1552734375
8431,0.059814453125,-0.98046875,0.10546875
8432,0.06396484375,-1.007568359375,0.14013671875
8433,0.067626953125,-1.011474609375,0.156494140625
8434,0.067626953125,-1.011474609375,0.156494140625
8435,0.07373046875,-0.997314453125,0.142822265625
8436,0.0703125,-1.001953125,0.12646484375
8437,0.065185546875,-0.994873046875,0.1064453125
8438,0.080810546875,-1.00439453125,0.12744140625
8439,0.071533203125,-1.01806640625,0.152587890625
8440,0.06103515625,-0.9990234375,0.14111328125
8441,0.0712890625,-1.0078125,0.159912109375
8442,0.077392578125,-1.01123046875,0.17578125
8443,0.071044921875,-1.000732421875,0.13623046875
8444,0.06787109375,-0.983642578125,0.10546875
8445,0.066162109375,-0.98876953125,0.12890625
8446,0.06298828125,-0.9931640625,0.1533203125
8447,0.081787109375,-0.9833984375,0.13623046875
8448,0.078857421875,-1.005615234375,0.149658203125
8449,0.05517578125,-1.00830078125,0.155517578125
8450,0.08642578125,-0.993896484375,0.167236328125
8451,0.094970703125,-0.9853515625,0.152099609375
8452,0.046875,-0.991455078125,0.13427734375
8453,0.071533203125,-0.995849609375,0.14453125
8454,0.09130859375,-1.009521484375,0.1494140625
8455,0.0498046875,-0.998779296875,0.136962890625
8456,0.07861328125,-0.9921875,0.13671875
8457,0.092041015625,-1.003662109375,0.133056640625
8458,0.0517578125,-1.0009765625,0.143798828125
8459,0.095458984375,-0.9990234375,0.1513671875
8460,0.084228515625,-1.004638671875,0.14111328125
8461,0.040283203125,-1.0087890625,0.143798828125
8462,0.097900390625,-1.004638671875,0.134521484375
8463,0.080810546875,-1.000244140625,0.14501953125
8464,0.05615234375,-0.989990234375,0.134033203125
8465,0.08251953125,-0.98828125,0.131103515625
8466,0.072998046875,-0.994140625,0.135009765625
8467,0.070068359375,-1.012939453125,0.15966796875
8468,0.073974609375,-1.005126953125,0.169677734375
8469,0.0703125,-0.996826171875,0.162109375
8470,0.067138671875,-0.985107421875,0.118896484375
8471,0.067138671875,-0.985107421875,0.118896484375
8472,0.063232421875,-1.005859375,0.14208984375
8473,0.068603515625,-1.00927734375,0.1552734375
8474,0.074951171875,-0.978759765625,0.11474609375
8475,0.080078125,-0.9921875,0.1357421875
8476,0.07470703125,-0.987060546875,0.125732421875
8477,0.0703125,-0.9892578125,0.13427734375
8478,0.074951171875,-0.9990234375,0.14404296875
8479,0.066162109375,-0.99560546875,0.125732421875
8480,0.07470703125,-1.001708984375,0.126708984375
8481,0.078125,-1.010986328125,0.138427734375
8482,0.064453125,-1.008056640625,0.128662109375
8483,0.080078125,-0.990966796875,0.112548828125
8484,0.083984375,-0.99072265625,0.12255859375
8485,0.0625,-1.000732421875,0.16845703125
8486,0.077880859375,-0.99169921875,0.141845703125
8487,0.08203125,-1.0068359375,0.144775390625
8488,0.0537109375,-1.012451171875,0.175048828125
8489,0.087158203125,-0.98779296875,0.1240234375
8490,0.06982421875,-0.987060546875,0.110595703125
8491,0.04638671875,-1.004638671875,0.14453125
8492,0.103515625,-0.99853515625,0.1455078125
8493,0.071533203125,-0.998046875,0.1484375
8494,0.062255859375,-1.00341796875,0.167724609375
8495,0.097900390625,-0.986083984375,0.150390625
8496,0.073486328125,-0.9912109375,0.157958984375
8497,0.073974609375,-0.99365234375,0.15234375
8498,0.073974609375,-0.99365234375,0.15234375
8499,0.079833984375,-0.985595703125,0.118896484375
8500,0.0693359375,-1.00927734375,0.142822265625
8501,0.06640625,-1.010498046875,0.15478515625
8502,0.083251953125,-1.011962890625,0.15673828125
8503,0.07275390625,-1.0146484375,0.168212890625
8504,0.06640625,-0.993408203125,0.1259765625
8505,0.07275390625,-1.011474609375,0.148193359375
8506,0.064453125,-1.02099609375,0.16748046875
8507,0.071533203125,-1.0009765625,0.148193359375
8508,0.090576171875,-0.99609375,0.124267578125
8509,0.052734375,-1.00146484375,0.117431640625
8510,0.052978515625,-1.0,0.16845703125
8511,0.0888671875,-0.98681640625,0.1513671875
8512,0.053466796875,-0.98583984375,0.1279296875
8513,0.0703125,-0.99755859375,0.1474609375
8514,0.1025390625,-0.994384765625,0.151611328125
8515,0.06005859375,-0.99072265625,0.162841796875
8516,0.068603515625,-0.997314453125,0.165771484375
8517,0.103271484375,-0.985107421875,0.132568359375
8518,0.06201171875,-0.99462890625,0.137939453125
8519,0.0546875,-1.00537109375,0.152099609375
8520,0.085693359375,-0.990234375,0.132568359375
8521,0.085693359375,-0.990234375,0.132568359375
8522,0.07763671875,-0.990966796875,0.14111328125
8523,0.080322265625,-0.988525390625,0.137939453125
8524,0.08544921875,-0.985107421875,0.10986328125
8525,0.073486328125,-1.003662109375,0.135986328125
8526,0.078369140625,-1.01220703125,0.1806640625
8527,0.0732421875,-1.002197265625,0.149169921875
8528,0.053466796875,-1.0146484375,0.12353515625
8529,0.0615234375,-1.01513671875,0.119140625
8530,0.06494140625,-1.006591796875,0.1201171875
8531,0.0654296875,-1.014892578125,0.16015625
8532,0.068359375,-0.99755859375,0.142333984375
8533,0.06982421875,-0.990966796875,0.1220703125
8534,0.059814453125,-0.986083984375,0.116943359375
8535,0.07763671875,-0.98681640625,0.133544921875
8536,0.087890625,-0.996337890625,0.1669921875
8537,0.0673828125,-0.9873046875,0.154296875
8538,0.05859375,-0.9892578125,0.1220703125
8539,0.052490234375,-1.003662109375,0.129638671875
8540,0.06591796875,-1.02099609375,0.168212890625
8541,0.07080078125,-1.010009765625,0.1494140625
8542,0.060791015625,-0.9970703125,0.133544921875
8543,0.07666015625,-0.984130859375,0.112060546875
8544,0.09033203125,-0.982666015625,0.1279296875
8545,0.064697265625,-0.991943359375,0.150146484375
8546,0.069580078125,-0.98486328125,0.148681640625
8547,0.086181640625,-0.991943359375,0.170654296875
8548,0.0654296875,-0.99658203125,0.12841796875
8549,0.0654296875,-0.99658203125,0.12841796875
8550,0.06787109375,-1.00634765625,0.123046875
8551,0.071533203125,-1.01171875,0.151611328125
8552,0.069091796875,-1.005126953125,0.137451171875
8553,0.072021484375,-0.984130859375,0.10791015625
8554,0.059814453125,-1.01171875,0.154296875
8555,0.080810546875,-1.00927734375,0.1474609375
8556,0.087890625,-0.993896484375,0.135986328125
8557,0.065673828125,-1.0029296875,0.154052734375
8558,0.06640625,-0.9921875,0.15673828125
8559,0.068603515625,-1.000244140625,0.140625
8560,0.060791015625,-1.005126953125,0.13037109375
8561,0.0576171875,-1.001220703125,0.141845703125
8562,0.074951171875,-0.998779296875,0.137451171875
8563,0.075927734375,-0.9892578125,0.130615234375
8564,0.06103515625,-1.000732421875,0.148193359375
8565,0.076904296875,-1.00439453125,0.1630859375
8566,0.068115234375,-0.9921875,0.138671875
8567,0.066162109375,-0.992919921875,0.153564453125
8568,0.088134765625,-0.984375,0.123046875
8569,0.071533203125,-0.99462890625,0.128173828125
8570,0.061279296875,-1.009765625,0.15673828125
8571,0.07275390625,-1.00390625,0.147216796875
8572,0.077880859375,-1.006591796875,0.14697265625
8573,0.0576171875,-1.005859375,0.14599609375
8574,0.061279296875,-0.98583984375,0.12744140625
8575,0.07861328125,-0.9951171875,0.140869140625
8576,0.067138671875,-0.9990234375,0.153076171875
8577,0.06787109375,-0.990234375,0.13916015625
8578,0.06787109375,-0.990234375,0.13916015625
8579,0.074462890625,-0.993896484375,0.151611328125
8580,0.06640625,-1.0009765625,0.15869140625
8581,0.074462890625,-1.0048828125,0.156982421875
8582,0.074462890625,-1.00927734375,0.149658203125
8583,0.057861328125,-1.001953125,0.12548828125
8584,0.06494140625,-0.999267578125,0.146728515625
8585,0.071044921875,-1.002685546875,0.158447265625
8586,0.06787109375,-0.999755859375,0.154541015625
8587,0.076171875,-0.9912109375,0.1640625
8588,0.07666015625,-0.98291015625,0.13623046875
8589,0.065185546875,-0.98095703125,0.123046875
8590,0.07421875,-0.994140625,0.14453125
8591,0.082275390625,-1.003173828125,0.135498046875
8592,0.064697265625,-0.998291015625,0.1201171875
8593,0.068603515625,-1.0009765625,0.126953125
8594,0.078125,-0.997802734375,0.1123046875
8595,0.066650390625,-1.008544921875,0.137939453125
8596,0.0703125,-1.00537109375,0.15087890625
8597,0.0830078125,-0.986572265625,0.128173828125
8598,0.07177734375,-0.990478515625,0.132080078125
8599,0.068603515625,-1.0,0.13818359375
8600,0.076904296875,-1.000732421875,0.14013671875
8601,0.054443359375,-1.010986328125,0.14794921875
8602,0.052734375,-1.01171875,0.143798828125
8603,0.07470703125,-0.998046875,0.12841796875
8604,0.058349609375,-0.997802734375,0.124755859375
8605,0.05322265625,-0.9931640625,0.14404296875
8606,0.084716796875,-0.98681640625,0.15625
8607,0.084716796875,-0.98681640625,0.15625
8608,0.073974609375,-0.9873046875,0.13916015625
8609,0.057373046875,-1.001708984375,0.1611328125
8610,0.0771484375,-0.993896484375,0.15234375
8611,0.07177734375,-0.9912109375,0.14013671875
8612,0.061279296875,-1.008544921875,0.1572265625
8613,0.077392578125,-1.00830078125,0.152099609375
8614,0.07177734375,-1.003173828125,0.135986328125
8615,0.053466796875,-1.000732421875,0.130615234375
8616,0.080322265625,-0.998046875,0.14697265625
8617,0.08447265625,-0.984375,0.116455078125
8618,0.05419921875,-0.997314453125,0.137451171875
8619,0.0693359375,-1.001708984375,0.16064453125
8620,0.077880859375,-0.992431640625,0.1474609375
8621,0.0546875,-1.001953125,0.15478515625
8622,0.06201171875,-1.004638671875,0.155517578125
8623,0.072998046875,-1.00244140625,0.1318359375
8624,0.05322265625,-1.001220703125,0.126220703125
8625,0.065673828125,-0.99853515625,0.1455078125
8626,0.085205078125,-0.988525390625,0.1240234375
8627,0.0693359375,-0.990478515625,0.134765625
8628,0.076416015625,-0.99609375,0.154052734375
8629,0.09033203125,-0.9892578125,0.144287109375
8630,0.071044921875,-0.993408203125,0.134521484375
8631,0.0634765625,-1.002685546875,0.146728515625
8632,0.07177734375,-0.998779296875,0.141845703125
8633,0.06298828125,-0.998779296875,0.12451171875
8634,0.06298828125,-0.998779296875,0.12451171875
8635,0.064697265625,-1.0068359375,0.140380859375
8636,0.0810546875,-1.002197265625,0.142578125
8637,0.067138671875,-0.994140625,0.117431640625
8638,0.060302734375,-1.001953125,0.129150390625
8639,0.08056640625,-1.0,0.152587890625
8640,0.07177734375,-0.9873046875,0.13037109375
8641,0.061279296875,-0.990478515625,0.132568359375
8642,0.07275390625,-0.98779296875,0.13916015625
8643,0.0703125,-0.9853515625,0.124267578125
8644,0.062255859375,-1.002197265625,0.1396484375
8645,0.070068359375,-1.007568359375,0.15380859375
8646,0.072509765625,-0.99951171875,0.13623046875
8647,0.061767578125,-1.00341796875,0.1337890625
8648,0.0712890625,-1.00390625,0.139892578125
8649,0.078369140625,-1.001953125,0.137939453125
8650,0.064453125,-1.002685546875,0.142822265625
8651,0.06884765625,-0.99658203125,0.155517578125
8652,0.07568359375,-0.991455078125,0.153076171875
8653,0.06298828125,-0.99560546875,0.14404296875
8654,0.061767578125,-0.99951171875,0.15283203125
8655,0.069091796875,-0.9912109375,0.14892578125
8656,0.060791015625,-0.991943359375,0.156494140625
8657,0.066650390625,-0.993408203125,0.160400390625
8658,0.078125,-0.989990234375,0.14794921875
8659,0.067626953125,-0.993896484375,0.145263671875
8660,0.06787109375,-0.99658203125,0.1533203125
8661,0.06787109375,-0.99658203125,0.1533203125
8662,0.083984375,-0.999267578125,0.16064453125
8663,0.080322265625,-1.0,0.146240234375
8664,0.065673828125,-1.00830078125,0.142822265625
8665,0.0654296875,-1.00732421875,0.138671875
8666,0.06884765625,-0.99609375,0.121826171875
8667,0.06591796875,-1.000732421875,0.12158203125
8668,0.075439453125,-0.99951171875,0.13427734375
8669,0.07470703125,-0.995361328125,0.13671875
8670,0.0576171875,-0.9970703125,0.139892578125
8671,0.06884765625,-0.994873046875,0.156005859375
8672,0.07080078125,-0.991943359375,0.149658203125
8673,0.057373046875,-0.999267578125,0.1484375
8674,0.06591796875,-0.998046875,0.142822265625
8675,0.0673828125,-0.996826171875,0.136474609375
8676,0.064208984375,-1.0078125,0.127685546875
8677,0.066162109375,-1.0126953125,0.130615234375
8678,0.06689453125,-0.998291015625,0.127197265625
8679,0.07275390625,-0.99560546875,0.132080078125
8680,0.078857421875,-0.99853515625,0.1494140625
8681,0.080322265625,-0.985595703125,0.13232421875
8682,0.071044921875,-0.990234375,0.138427734375
8683,0.07080078125,-0.99609375,0.163330078125
8684,0.072021484375,-0.99169921875,0.16064453125
8685,0.06640625,-0.996337890625,0.14794921875
8686,0.062744140625,-1.00927734375,0.1591796875
8687,0.06591796875,-1.0048828125,0.146240234375
8688,0.060791015625,-1.003173828125,0.137939453125
8689,0.060791015625,-1.003173828125,0.137939453125
8690,0.060302734375,-1.001708984375,0.14208984375
8691,0.068603515625,-0.991455078125,0.1376953125
8692,0.0625,-0.998779296875,0.155517578125
8693,0.0634765625,-1.003662109375,0.1669921875
8694,0.0693359375,-0.994384765625,0.15478515625
8695,0.068603515625,-0.999755859375,0.153076171875
8696,0.07177734375,-1.00634765625,0.151123046875
8697,0.076904296875,-1.0009765625,0.143798828125
8698,0.069091796875,-0.9951171875,0.12255859375
8699,0.0712890625,-0.998046875,0.12158203125
8700,0.078857421875,-1.0068359375,0.1455078125
8701,0.07275390625,-0.992919921875,0.126220703125
8702,0.074951171875,-0.982177734375,0.12451171875
8703,0.08154296875,-0.99560546875,0.154296875
8704,0.075927734375,-0.996826171875,0.150390625
8705,0.07373046875,-0.991943359375,0.135986328125
8706,0.07421875,-0.99365234375,0.140380859375
8707,0.065673828125,-0.994873046875,0.13916015625
8708,0.070068359375,-0.99462890625,0.141357421875
8709,0.074462890625,-0.992431640625,0.1328125
8710,0.067626953125,-1.0,0.1279296875
8711,0.067138671875,-1.00439453125,0.14404296875
8712,0.072265625,-1.001708984375,0.1416015625
8713,0.0693359375,-0.99853515625,0.128173828125
8714,0.06396484375,-1.000244140625,0.148681640625
8715,0.06884765625,-0.99462890625,0.15087890625
8716,0.0732421875,-0.995361328125,0.138916015625
8717,0.07080078125,-0.998046875,0.14501953125
8718,0.07080078125,-0.998046875,0.14501953125
8719,0.070068359375,-0.9951171875,0.14453125
8720,0.076171875,-0.997314453125,0.14013671875
8721,0.072021484375,-1.0009765625,0.14306640625
8722,0.053466796875,-1.004150390625,0.143310546875
8723,0.05517578125,-0.99853515625,0.142578125
8724,0.065673828125,-0.999755859375,0.15576171875
8725,0.056884765625,-0.999755859375,0.143310546875
8726,0.060302734375,-0.9970703125,0.145263671875
8727,0.070556640625,-0.9951171875,0.1513671875
8728,0.0673828125,-0.999267578125,0.150146484375
8729,0.069580078125,-0.99658203125,0.136474609375
8730,0.07080078125,-0.998046875,0.140869140625
8731,0.067138671875,-1.002685546875,0.14599609375
8732,0.06884765625,-0.9990234375,0.12548828125
8733,0.073486328125,-1.0029296875,0.138916015625
8734,0.073974609375,-0.998291015625,0.1328125
8735,0.076416015625,-0.995849609375,0.124267578125
8736,0.077880859375,-1.0009765625,0.14111328125
8737,0.07373046875,-0.998046875,0.139892578125
8738,0.068603515625,-0.989990234375,0.123046875
8739,0.06787109375,-1.003173828125,0.149658203125
8740,0.0712890625,-1.008056640625,0.1630859375
8741,0.074462890625,-0.991943359375,0.138427734375
8742,0.07470703125,-0.987060546875,0.134765625
8743,0.0693359375,-0.998779296875,0.156005859375
8744,0.06640625,-1.000244140625,0.147216796875
8745,0.06640625,-1.000244140625,0.147216796875
8746,0.068359375,-0.9970703125,0.1337890625
8747,0.072265625,-1.0078125,0.14794921875
8748,0.068603515625,-0.9951171875,0.120849609375
8749,0.06787109375,-0.992919921875,0.108154296875
8750,0.07080078125,-1.0048828125,0.137451171875
8751,0.075439453125,-0.9970703125,0.14892578125
8752,0.075439453125,-0.990966796875,0.13818359375
8753,0.07275390625,-0.997314453125,0.144775390625
8754,0.0751953125,-0.9990234375,0.15771484375
8755,0.069580078125,-0.995849609375,0.16064453125
8756,0.065673828125,-0.99755859375,0.162353515625
8757,0.06640625,-0.9931640625,0.148681640625
8758,0.065185546875,-0.99609375,0.143798828125
8759,0.06201171875,-1.005126953125,0.16064453125
8760,0.068603515625,-1.001708984375,0.159912109375
8761,0.06982421875,-0.9970703125,0.14453125
8762,0.065185546875,-1.00048828125,0.144775390625
8763,0.06982421875,-0.99755859375,0.145263671875
8764,0.067138671875,-0.99560546875,0.146728515625
8765,0.06640625,-0.999267578125,0.139404296875
8766,0.07177734375,-1.000732421875,0.151123046875
8767,0.06982421875,-0.99853515625,0.161376953125
8768,0.065673828125,-0.99560546875,0.14453125
8769,0.067626953125,-0.998291015625,0.142333984375
8770,0.0693359375,-0.994873046875,0.13916015625
8771,0.064453125,-0.998291015625,0.1416015625
8772,0.0625,-1.003173828125,0.14013671875
8773,0.0634765625,-0.997802734375,0.126708984375
8774,0.0634765625,-0.997802734375,0.126708984375
8775,0.06494140625,-0.999755859375,0.123779296875
8776,0.072265625,-1.007080078125,0.146240234375
8777,0.070556640625,-0.999755859375,0.134521484375
8778,0.06884765625,-0.990966796875,0.1240234375
8779,0.0732421875,-0.998291015625,0.138671875
8780,0.0751953125,-0.99755859375,0.134033203125
8781,0.0771484375,-0.996337890625,0.134033203125
8782,0.075927734375,-0.999267578125,0.118408203125
8783,0.070068359375,-1.003173828125,0.1337890625
8784,0.07177734375,-1.001708984375,0.1474609375
8785,0.07421875,-0.99658203125,0.140625
8786,0.070556640625,-0.99609375,0.136474609375
8787,0.071044921875,-1.000244140625,0.139404296875
8788,0.07080078125,-1.004638671875,0.154052734375
8789,0.065673828125,-1.00048828125,0.15234375
8790,0.06640625,-0.99658203125,0.144287109375
8791,0.072021484375,-0.99755859375,0.14013671875
8792,0.073974609375,-1.002685546875,0.1513671875
8793,0.076416015625,-0.996337890625,0.1455078125
8794,0.075439453125,-0.9921875,0.14990234375
8795,0.0703125,-0.9970703125,0.153076171875
8796,0.071044921875,-1.002685546875,0.144775390625
8797,0.071533203125,-0.99853515625,0.1376953125
8798,0.062744140625,-0.99462890625,0.130859375
8799,0.061767578125,-0.997802734375,0.136962890625
8800,0.064208984375,-0.994384765625,0.130126953125
8801,0.064208984375,-0.994384765625,0.130126953125
8802,0.06396484375,-0.99609375,0.130615234375
8803,0.06591796875,-0.9970703125,0.142822265625
8804,0.065673828125,-0.98974609375,0.140380859375
8805,0.068603515625,-0.9931640625,0.142822265625
8806,0.0712890625,-0.9970703125,0.142578125
8807,0.072509765625,-0.99169921875,0.13623046875
8808,0.073486328125,-0.992431640625,0.138916015625
8809,0.07080078125,-0.994140625,0.136962890625
8810,0.07177734375,-0.996826171875,0.13525390625
8811,0.06884765625,-0.999755859375,0.142333984375
8812,0.06884765625,-0.9970703125,0.14013671875
8813,0.071044921875,-1.000732421875,0.146484375
8814,0.067138671875,-1.003662109375,0.145751953125
8815,0.06396484375,-1.001220703125,0.130615234375
8816,0.06591796875,-1.001953125,0.1396484375
8817,0.0712890625,-0.998291015625,0.138916015625
8818,0.074951171875,-0.997314453125,0.137451171875
8819,0.07080078125,-1.000732421875,0.144287109375
8820,0.070556640625,-0.99658203125,0.13525390625
8821,0.07470703125,-0.9970703125,0.14013671875
8822,0.07080078125,-0.99755859375,0.149169921875
8823,0.072265625,-0.995849609375,0.1474609375
8824,0.0732421875,-1.003173828125,0.155517578125
8825,0.071044921875,-1.0,0.14697265625
8826,0.07373046875,-0.999267578125,0.151123046875
8827,0.0703125,-1.001220703125,0.155517578125
8828,0.063232421875,-1.000732421875,0.136474609375
8829,0.063232421875,-1.000732421875,0.136474609375
8830,0.06298828125,-0.999267578125,0.12890625
8831,0.06494140625,-0.9990234375,0.133056640625
8832,0.06201171875,-0.99755859375,0.1337890625
8833,0.063720703125,-0.992431640625,0.1396484375
8834,0.070068359375,-0.994384765625,0.14794921875
8835,0.07080078125,-0.998046875,0.15185546875
8836,0.07470703125,-0.996826171875,0.153564453125
8837,0.069580078125,-0.995361328125,0.14990234375
8838,0.071044921875,-0.9990234375,0.149169921875
8839,0.074462890625,-0.99658203125,0.14990234375
8840,0.06787109375,-0.998046875,0.146728515625
8841,0.069091796875,-0.999267578125,0.136474609375
8842,0.072509765625,-0.996826171875,0.138427734375
8843,0.067626953125,-0.9931640625,0.130615234375
8844,0.0625,-0.994140625,0.126220703125
8845,0.068603515625,-0.99658203125,0.129638671875
8846,0.06982421875,-0.994384765625,0.1259765625
8847,0.06982421875,-0.99462890625,0.136474609375
8848,0.071533203125,-0.99462890625,0.14404296875
8849,0.0771484375,-0.999267578125,0.153564453125
8850,0.075927734375,-0.99658203125,0.142578125
8851,0.0693359375,-1.0,0.1376953125
8852,0.074951171875,-1.005859375,0.14111328125
8853,0.076416015625,-1.005126953125,0.136962890625
8854,0.072265625,-0.994873046875,0.129638671875
8855,0.071533203125,-0.98779296875,0.12890625
8856,0.071533203125,-0.98779296875,0.12890625
8857,0.07275390625,-0.994873046875,0.1376953125
8858,0.071044921875,-0.998779296875,0.137451171875
8859,0.070556640625,-0.99755859375,0.1357421875
8860,0.07177734375,-0.998046875,0.138427734375
8861,0.06591796875,-0.997802734375,0.1416015625
8862,0.06201171875,-0.99658203125,0.13671875
8863,0.06787109375,-0.998291015625,0.13818359375
8864,0.065185546875,-0.996337890625,0.137939453125
8865,0.068115234375,-0.996826171875,0.149169921875
8866,0.075927734375,-0.991943359375,0.1416015625
8867,0.070556640625,-0.99755859375,0.143798828125
8868,0.0732421875,-0.997314453125,0.144775390625
8869,0.0732421875,-0.991943359375,0.133544921875
8870,0.0703125,-1.003662109375,0.141845703125
8871,0.07373046875,-0.998779296875,0.136962890625
8872,0.0712890625,-0.995361328125,0.134765625
8873,0.071533203125,-0.99609375,0.12890625
8874,0.0693359375,-0.995849609375,0.139892578125
8875,0.0693359375,-0.993896484375,0.13330078125
8876,0.06640625,-1.0,0.13330078125
8877,0.06689453125,-1.006591796875,0.142333984375
8878,0.06787109375,-0.998779296875,0.1357421875
8879,0.068115234375,-0.99853515625,0.142333984375
8880,0.071533203125,-0.9990234375,0.149658203125
8881,0.06982421875,-0.991943359375,0.1337890625
8882,0.072265625,-0.992919921875,0.133056640625
8883,0.07275390625,-0.999755859375,0.15625
8884,0.07275390625,-0.999755859375,0.15625
8885,0.0732421875,-0.99169921875,0.135009765625
8886,0.076416015625,-0.996337890625,0.133544921875
8887,0.079345703125,-1.001708984375,0.147216796875
8888,0.076416015625,-0.99609375,0.1435546875
8889,0.072021484375,-0.994384765625,0.142578125
8890,0.06787109375,-0.995361328125,0.14599609375
8891,0.069580078125,-0.998779296875,0.154052734375
8892,0.069091796875,-0.99755859375,0.14599609375
8893,0.066162109375,-0.998046875,0.140380859375
8894,0.0703125,-0.99658203125,0.144775390625
8895,0.06640625,-1.003173828125,0.14892578125
8896,0.063232421875,-1.00732421875,0.150390625
8897,0.068603515625,-1.000244140625,0.150146484375
8898,0.0693359375,-0.997314453125,0.144287109375
8899,0.06982421875,-0.99951171875,0.143310546875
8900,0.072265625,-0.999755859375,0.154541015625
8901,0.070068359375,-0.991455078125,0.14306640625
8902,0.070556640625,-0.994384765625,0.142333984375
8903,0.0693359375,-0.994873046875,0.135498046875
8904,0.063720703125,-0.990234375,0.133544921875
8905,0.06103515625,-0.990966796875,0.1337890625
8906,0.0625,-0.997802734375,0.13623046875
8907,0.064208984375,-1.001220703125,0.146240234375
8908,0.066650390625,-1.000244140625,0.145751953125
8909,0.072265625,-1.00537109375,0.152099609375
8910,0.06689453125,-1.004638671875,0.149169921875
8911,0.063720703125,-1.00390625,0.14599609375
8912,0.071044921875,-0.998046875,0.1337890625
8913,0.071044921875,-0.998046875,0.1337890625
8914,0.07080078125,-0.995849609375,0.137939453125
8915,0.072265625,-0.99658203125,0.13818359375
8916,0.075927734375,-0.992431640625,0.12939453125
8917,0.0693359375,-0.993408203125,0.129150390625
8918,0.069580078125,-0.99560546875,0.13232421875
8919,0.07275390625,-0.996337890625,0.135986328125
8920,0.067138671875,-0.998779296875,0.134765625
8921,0.0673828125,-1.000244140625,0.138916015625
8922,0.068115234375,-0.997314453125,0.148193359375
8923,0.0703125,-0.993408203125,0.14501953125
8924,0.072509765625,-0.994873046875,0.145751953125
8925,0.0693359375,-0.998779296875,0.158935546875
8926,0.069091796875,-0.99560546875,0.150390625
8927,0.07470703125,-0.998291015625,0.14453125
8928,0.07275390625,-0.99853515625,0.144287109375
8929,0.068603515625,-0.9931640625,0.135986328125
8930,0.07080078125,-1.00146484375,0.135009765625
8931,0.069091796875,-1.001708984375,0.140380859375
8932,0.070556640625,-0.998046875,0.14453125
8933,0.0712890625,-0.997314453125,0.138427734375
8934,0.072509765625,-0.9970703125,0.1357421875
8935,0.072998046875,-0.999755859375,0.14697265625
8936,0.0703125,-0.994140625,0.139892578125
8937,0.069091796875,-0.99267578125,0.13623046875
8938,0.0703125,-0.998046875,0.14697265625
8939,0.071533203125,-0.997802734375,0.13818359375
8940,0.071533203125,-0.997802734375,0.13818359375
8941,0.068359375,-0.99755859375,0.139404296875
8942,0.069580078125,-0.994140625,0.144287109375
8943,0.072265625,-0.992431640625,0.14111328125
8944,0.0703125,-0.99951171875,0.14453125
8945,0.06884765625,-1.00390625,0.144775390625
8946,0.067626953125,-1.005859375,0.144287109375
8947,0.06640625,-0.999755859375,0.1416015625
8948,0.06689453125,-0.997314453125,0.1435546875
8949,0.07177734375,-0.997314453125,0.137451171875
8950,0.072021484375,-1.0009765625,0.14111328125
8951,0.070556640625,-0.99951171875,0.142822265625
8952,0.073974609375,-0.996337890625,0.136474609375
8953,0.06982421875,-0.998779296875,0.13671875
8954,0.06982421875,-0.99853515625,0.1396484375
8955,0.075927734375,-0.996337890625,0.134765625
8956,0.06982421875,-0.993896484375,0.125732421875
8957,0.067626953125,-0.99658203125,0.132568359375
8958,0.07177734375,-0.9970703125,0.14013671875
8959,0.067626953125,-0.9970703125,0.13818359375
8960,0.068115234375,-0.9970703125,0.14013671875
8961,0.075927734375,-0.999755859375,0.150146484375
8962,0.074951171875,-0.99609375,0.14208984375
8963,0.069091796875,-0.99658203125,0.141357421875
8964,0.070068359375,-1.0,0.150634765625
8965,0.0712890625,-0.996337890625,0.148681640625
8966,0.068359375,-0.99658203125,0.14453125
8967,0.0703125,-0.9970703125,0.1455078125
8968,0.072509765625,-0.99560546875,0.14404296875
8969,0.068359375,-0.998291015625,0.140869140625
8970,0.06689453125,-1.001708984375,0.142333984375
8971,0.068603515625,-0.997802734375,0.14453125
8972,0.071533203125,-0.996337890625,0.14599609375
8973,0.070068359375,-0.9970703125,0.14453125
8974,0.070068359375,-0.9970703125,0.14453125
8975,0.067138671875,-0.995849609375,0.1484375
8976,0.070556640625,-0.9951171875,0.144775390625
8977,0.071533203125,-0.9990234375,0.143310546875
8978,0.070556640625,-0.997802734375,0.144287109375
8979,0.07275390625,-0.992431640625,0.13525390625
8980,0.07080078125,-0.99755859375,0.137939453125
8981,0.068115234375,-0.99853515625,0.13720703125
8982,0.0703125,-0.995849609375,0.137451171875
8983,0.06982421875,-1.000244140625,0.144287109375
8984,0.069580078125,-1.001220703125,0.141357421875
8985,0.069091796875,-0.99560546875,0.131591796875
8986,0.06884765625,-0.996826171875,0.134765625
8987,0.07275390625,-0.997802734375,0.13623046875
8988,0.070556640625,-0.998291015625,0.1328125
8989,0.069580078125,-0.99951171875,0.141357421875
8990,0.072509765625,-0.995849609375,0.1396484375
8991,0.07177734375,-0.99365234375,0.139892578125
8992,0.072998046875,-0.99267578125,0.1455078125
8993,0.0703125,-0.995361328125,0.143798828125
8994,0.068359375,-0.994873046875,0.136474609375
8995,0.070068359375,-0.998291015625,0.145263671875
8996,0.068359375,-0.99853515625,0.15185546875
8997,0.06787109375,-0.994384765625,0.1494140625
8998,0.06689453125,-0.994873046875,0.1376953125
8999,0.0703125,-1.0029296875,0.146484375
9000,0.0693359375,-1.00048828125,0.1572265625
9001,0.069091796875,-0.99462890625,0.14453125
9002,0.069091796875,-0.99462890625,0.14453125
9003,0.072509765625,-0.999267578125,0.14208984375
9004,0.069091796875,-1.00048828125,0.1416015625
9005,0.07177734375,-0.998291015625,0.144287109375
9006,0.0703125,-0.996337890625,0.139404296875
9007,0.06640625,-0.999267578125,0.146240234375
9008,0.067626953125,-0.997314453125,0.147705078125
9009,0.068359375,-0.9970703125,0.145263671875
9010,0.070068359375,-0.99169921875,0.14013671875
9011,0.0693359375,-0.992431640625,0.140380859375
9012,0.066650390625,-0.994140625,0.141357421875
9013,0.065185546875,-0.99462890625,0.13916015625
9014,0.066650390625,-0.9990234375,0.140625
9015,0.072021484375,-0.99951171875,0.140869140625
9016,0.07275390625,-1.002685546875,0.143310546875
9017,0.07080078125,-1.0048828125,0.149169921875
9018,0.072021484375,-1.001220703125,0.144287109375
9019,0.069091796875,-0.999267578125,0.13525390625
9020,0.0654296875,-1.001953125,0.145263671875
9021,0.06591796875,-1.0,0.1435546875
9022,0.066650390625,-1.000244140625,0.143310546875
9023,0.068359375,-0.995361328125,0.140380859375
9024,0.071044921875,-0.996337890625,0.143798828125
9025,0.072021484375,-0.9990234375,0.14697265625
9026,0.070556640625,-1.0,0.141357421875
9027,0.068359375,-0.998291015625,0.13916015625
9028,0.067138671875,-0.997802734375,0.133056640625
9029,0.06591796875,-1.0,0.137451171875
9030,0.071044921875,-0.9951171875,0.144775390625
9031,0.07177734375,-0.99853515625,0.144287109375
9032,0.07177734375,-0.99853515625,0.144287109375
9033,0.068115234375,-0.998779296875,0.141845703125
9034,0.071533203125,-0.996826171875,0.1484375
9035,0.072021484375,-0.99658203125,0.142333984375
9036,0.06787109375,-0.994140625,0.1357421875
9037,0.068115234375,-0.997802734375,0.143798828125
9038,0.070556640625,-0.99755859375,0.146240234375
9039,0.071533203125,-0.99169921875,0.13525390625
9040,0.072021484375,-0.997802734375,0.13818359375
9041,0.071533203125,-1.000732421875,0.146484375
9042,0.071533203125,-0.998779296875,0.142333984375
9043,0.07177734375,-0.99951171875,0.147216796875
9044,0.06982421875,-0.9970703125,0.142333984375
9045,0.06884765625,-0.994384765625,0.13916015625
9046,0.071044921875,-0.998291015625,0.148193359375
9047,0.07421875,-0.997314453125,0.143798828125
9048,0.072265625,-0.99609375,0.148681640625
9049,0.066650390625,-1.001220703125,0.15673828125
9050,0.0693359375,-1.00244140625,0.144287109375
9051,0.072265625,-1.00341796875,0.14013671875
9052,0.068359375,-1.001708984375,0.1396484375
9053,0.069091796875,-1.0,0.1435546875
9054,0.072509765625,-0.9990234375,0.14306640625
9055,0.0712890625,-0.997802734375,0.13671875
9056,0.070068359375,-0.996337890625,0.14453125
9057,0.0693359375,-0.99755859375,0.147216796875
9058,0.068359375,-0.994140625,0.139404296875
9059,0.068359375,-0.994140625,0.139404296875
9060,0.067626953125,-0.994140625,0.143310546875
9061,0.069091796875,-0.99853515625,0.1435546875
9062,0.0712890625,-0.99853515625,0.139892578125
9063,0.068115234375,-0.999755859375,0.144775390625
9064,0.068359375,-1.00146484375,0.147216796875
9065,0.072021484375,-1.0,0.146240234375
9066,0.070068359375,-0.998046875,0.142333984375
9067,0.07080078125,-1.00146484375,0.14501953125
9068,0.06884765625,-1.0029296875,0.145751953125
9069,0.067138671875,-1.0009765625,0.13720703125
9070,0.06787109375,-1.00390625,0.13720703125
9071,0.0703125,-1.003173828125,0.141845703125
9072,0.07177734375,-0.99755859375,0.140869140625
9073,0.069580078125,-0.99755859375,0.142822265625
9074,0.0693359375,-0.998779296875,0.148681640625
9075,0.06884765625,-0.99853515625,0.144287109375
9076,0.070556640625,-0.99951171875,0.142333984375
9077,0.071044921875,-1.000244140625,0.1396484375
9078,0.069580078125,-1.000732421875,0.14111328125
9079,0.06982421875,-0.996337890625,0.141357421875
9080,0.0693359375,-0.997314453125,0.14013671875
9081,0.069091796875,-1.00146484375,0.138671875
9082,0.0712890625,-1.00048828125,0.1376953125
9083,0.07373046875,-0.9951171875,0.13720703125
9084,0.07421875,-0.9931640625,0.134521484375
9085,0.072509765625,-0.993408203125,0.134521484375
9086,0.07275390625,-0.992919921875,0.13525390625
9087,0.073974609375,-0.99755859375,0.14404296875
9088,0.073974609375,-0.99755859375,0.14404296875
9089,0.07275390625,-0.996337890625,0.142822265625
9090,0.07080078125,-0.99609375,0.134765625
9091,0.071044921875,-0.997802734375,0.134765625
9092,0.071044921875,-0.9990234375,0.138427734375
9093,0.0693359375,-1.00048828125,0.1357421875
9094,0.070068359375,-1.00341796875,0.137939453125
9095,0.06982421875,-0.996826171875,0.135498046875
9096,0.06884765625,-0.9931640625,0.135986328125
9097,0.074951171875,-0.995849609375,0.138427734375
9098,0.0751953125,-0.993896484375,0.13427734375
9099,0.07177734375,-0.997802734375,0.135986328125
9100,0.0712890625,-1.0029296875,0.143798828125
9101,0.068359375,-1.001953125,0.149169921875
9102,0.0693359375,-1.00048828125,0.146728515625
9103,0.0703125,-1.001220703125,0.143798828125
9104,0.06884765625,-0.99853515625,0.139892578125
9105,0.068603515625,-0.9990234375,0.142578125
9106,0.066650390625,-1.00048828125,0.142333984375
9107,0.069091796875,-0.9990234375,0.139892578125
9108,0.0703125,-0.99609375,0.138427734375
9109,0.067138671875,-0.996826171875,0.1376953125
9110,0.068359375,-0.996337890625,0.1396484375
9111,0.066650390625,-0.99951171875,0.14404296875
9112,0.066650390625,-1.000244140625,0.144775390625
9113,0.068115234375,-0.992431640625,0.14013671875
9114,0.071044921875,-0.9921875,0.140380859375
9115,0.071533203125,-0.99560546875,0.14208984375
9116,0.071533203125,-0.99560546875,0.14208984375
9117,0.073974609375,-0.998046875,0.143798828125
9118,0.074462890625,-1.00048828125,0.142822265625
9119,0.066650390625,-0.996826171875,0.1435546875
9120,0.068603515625,-0.99365234375,0.142578125
9121,0.070556640625,-0.994873046875,0.13818359375
9122,0.06884765625,-0.99755859375,0.13818359375
9123,0.068359375,-0.9990234375,0.140380859375
9124,0.071044921875,-0.996826171875,0.139892578125
9125,0.069091796875,-0.999267578125,0.138427734375
9126,0.067626953125,-1.001953125,0.138671875
9127,0.067138671875,-0.997314453125,0.14208984375
9128,0.067138671875,-0.9951171875,0.135498046875
9129,0.070556640625,-0.9970703125,0.138427734375
9130,0.074462890625,-0.997314453125,0.142333984375
9131,0.07080078125,-0.997802734375,0.14501953125
9132,0.067626953125,-0.997314453125,0.142578125
9133,0.06884765625,-0.99951171875,0.140869140625
9134,0.0673828125,-1.000732421875,0.14208984375
9135,0.06591796875,-0.99951171875,0.138427734375
9136,0.06982421875,-1.000244140625,0.14111328125
9137,0.073486328125,-1.00048828125,0.1474609375
9138,0.073486328125,-1.00048828125,0.1474609375
9139,0.069580078125,-0.999267578125,0.145263671875
9140,0.068603515625,-0.99755859375,0.142578125
9141,0.070556640625,-0.99755859375,0.141845703125
9142,0.072509765625,-0.997802734375,0.141357421875
9143,0.07177734375,-0.99755859375,0.142333984375
9144,0.07177734375,-0.997314453125,0.138916015625
9145,0.07275390625,-0.994384765625,0.13818359375
9146,0.071044921875,-0.9951171875,0.13720703125
9147,0.07080078125,-0.996826171875,0.139892578125
9148,0.06982421875,-0.99560546875,0.1435546875
9149,0.06982421875,-0.99560546875,0.1435546875
9150,0.070068359375,-0.998291015625,0.1416015625
9151,0.070068359375,-0.99853515625,0.144287109375
9152,0.0703125,-0.997802734375,0.14453125
9153,0.0712890625,-0.99658203125,0.1416015625
9154,0.068115234375,-0.9970703125,0.137451171875
9155,0.070556640625,-0.999267578125,0.14013671875
9156,0.072265625,-0.997314453125,0.144775390625
9157,0.069580078125,-0.9951171875,0.144775390625
9158,0.067138671875,-0.99365234375,0.139892578125
9159,0.067138671875,-0.99365234375,0.139892578125
9160,0.067626953125,-0.994384765625,0.1357421875
9161,0.071044921875,-0.997802734375,0.1376953125
9162,0.068115234375,-1.001220703125,0.140625
9163,0.07080078125,-1.00048828125,0.144287109375
9164,0.0712890625,-0.993896484375,0.14599609375
9165,0.0693359375,-0.992919921875,0.14501953125
9166,0.071533203125,-0.99658203125,0.146728515625
9167,0.070068359375,-0.997314453125,0.142578125
9168,0.0693359375,-0.99951171875,0.14453125
9169,0.0693359375,-0.998046875,0.147705078125
9170,0.0693359375,-0.998046875,0.147705078125
9171,0.069580078125,-0.996826171875,0.138916015625
9172,0.0693359375,-0.996337890625,0.13427734375
9173,0.06787109375,-0.9951171875,0.144287109375
9174,0.06884765625,-0.998046875,0.14990234375
9175,0.070068359375,-0.997314453125,0.140625
9176,0.0712890625,-0.99609375,0.13720703125
9177,0.072265625,-0.99951171875,0.143310546875
9178,0.0693359375,-1.003662109375,0.148681640625
9179,0.0693359375,-0.99951171875,0.143798828125
9180,0.0693359375,-0.99951171875,0.143798828125
9181,0.06982421875,-0.994384765625,0.141357421875
9182,0.0712890625,-0.99609375,0.145751953125
9183,0.070556640625,-1.0009765625,0.146484375
9184,0.0703125,-1.000732421875,0.14501953125
9185,0.0703125,-0.997802734375,0.144775390625
9186,0.06640625,-0.997802734375,0.1416015625
9187,0.06640625,-0.999267578125,0.140869140625
9188,0.0673828125,-1.000244140625,0.143798828125
9189,0.06982421875,-0.99951171875,0.14892578125
9190,0.072021484375,-1.0009765625,0.14697265625
9191,0.072021484375,-1.0009765625,0.14697265625
9192,0.0703125,-1.0009765625,0.143798828125
9193,0.06884765625,-0.9970703125,0.145263671875
9194,0.068603515625,-0.99365234375,0.144287109375
9195,0.06884765625,-0.9970703125,0.14208984375
9196,0.068359375,-0.999755859375,0.13720703125
9197,0.0673828125,-0.997314453125,0.138671875
9198,0.068359375,-0.99658203125,0.1455078125
9199,0.0673828125,-0.996337890625,0.14794921875
9200,0.067138671875,-0.99609375,0.14501953125
9201,0.069091796875,-0.995849609375,0.145751953125
9202,0.069091796875,-0.995849609375,0.145751953125
9203,0.070068359375,-0.993896484375,0.147216796875
9204,0.072509765625,-0.99365234375,0.143310546875
9205,0.070556640625,-0.9951171875,0.140380859375
9206,0.065185546875,-0.995361328125,0.14306640625
9207,0.066650390625,-0.99609375,0.144287109375
9208,0.068603515625,-0.99609375,0.14306640625
9209,0.0693359375,-0.995361328125,0.14208984375
9210,0.071533203125,-0.995361328125,0.141357421875
9211,0.07080078125,-0.998046875,0.143798828125
9212,0.07080078125,-0.998046875,0.143798828125
9213,0.0712890625,-0.998291015625,0.14111328125
9214,0.070556640625,-0.998046875,0.1396484375
9215,0.072021484375,-0.999267578125,0.140869140625
9216,0.07470703125,-0.998046875,0.141357421875
9217,0.071044921875,-0.996826171875,0.14306640625
9218,0.07080078125,-0.997314453125,0.14013671875
9219,0.070556640625,-0.9951171875,0.139404296875
9220,0.067626953125,-0.99072265625,0.13671875
9221,0.07275390625,-0.994140625,0.1337890625
9222,0.07421875,-0.99853515625,0.136962890625
9223,0.07421875,-0.99853515625,0.136962890625
9224,0.071533203125,-0.99755859375,0.13818359375
9225,0.072265625,-0.999267578125,0.13671875
9226,0.07275390625,-1.0,0.138671875
9227,0.07373046875,-0.99609375,0.142578125
9228,0.07373046875,-0.994873046875,0.14501953125
9229,0.071044921875,-0.997802734375,0.14501953125
9230,0.067138671875,-1.001220703125,0.1416015625
9231,0.067626953125,-0.999755859375,0.14404296875
9232,0.06982421875,-0.9951171875,0.14208984375
9233,0.06982421875,-0.99462890625,0.1357421875
9234,0.06982421875,-0.99462890625,0.1357421875
9235,0.07177734375,-0.997802734375,0.13916015625
9236,0.073486328125,-0.995849609375,0.14208984375
9237,0.072021484375,-0.99560546875,0.139404296875
9238,0.07275390625,-0.999755859375,0.138671875
9239,0.07421875,-0.99658203125,0.136474609375
9240,0.07080078125,-0.99560546875,0.134521484375
9241,0.070556640625,-1.00048828125,0.13232421875
9242,0.071533203125,-1.001220703125,0.13671875
9243,0.0703125,-1.00048828125,0.1435546875
9244,0.0703125,-1.00048828125,0.1435546875
9245,0.069580078125,-1.0009765625,0.143798828125
9246,0.0712890625,-0.997802734375,0.14404296875
9247,0.072509765625,-0.995361328125,0.143798828125
9248,0.072021484375,-0.996826171875,0.147216796875
9249,0.0751953125,-0.9990234375,0.145751953125
9250,0.072265625,-0.999267578125,0.14013671875
9251,0.0693359375,-1.000732421875,0.138916015625
9252,0.071533203125,-1.001708984375,0.1416015625
9253,0.070068359375,-0.99658203125,0.143310546875
9254,0.070068359375,-0.9970703125,0.1455078125
9255,0.070068359375,-0.9970703125,0.1455078125
9256,0.073486328125,-0.998779296875,0.143310546875
9257,0.069091796875,-0.9951171875,0.140625
9258,0.064453125,-0.9951171875,0.1455078125
9259,0.065673828125,-0.995361328125,0.14306640625
9260,0.068603515625,-0.994140625,0.1416015625
9261,0.06884765625,-0.993896484375,0.1455078125
9262,0.06689453125,-0.995361328125,0.145751953125
9263,0.068603515625,-0.999267578125,0.144287109375
9264,0.068115234375,-0.99853515625,0.142822265625
9265,0.06689453125,-0.996826171875,0.13818359375
9266,0.06689453125,-0.996826171875,0.13818359375
9267,0.071044921875,-0.9970703125,0.134521484375
9268,0.071533203125,-0.995849609375,0.13818359375
9269,0.072509765625,-0.99658203125,0.138916015625
9270,0.071044921875,-0.999267578125,0.13916015625
9271,0.070068359375,-1.000244140625,0.148193359375
9272,0.073974609375,-1.001220703125,0.150390625
9273,0.068603515625,-1.00048828125,0.145263671875
9274,0.067138671875,-0.9970703125,0.135986328125
9275,0.06982421875,-0.99365234375,0.13037109375
9276,0.06982421875,-0.99365234375,0.13037109375
9277,0.071533203125,-0.995361328125,0.135986328125
9278,0.072509765625,-0.998779296875,0.13916015625
9279,0.069091796875,-0.99853515625,0.141845703125
9280,0.071044921875,-0.998779296875,0.144775390625
9281,0.074462890625,-0.998779296875,0.1376953125
9282,0.070068359375,-1.0,0.13623046875
9283,0.068359375,-1.0,0.141357421875
9284,0.070068359375,-0.99755859375,0.140869140625
9285,0.07177734375,-0.99609375,0.14013671875
9286,0.0712890625,-0.994140625,0.14111328125
9287,0.0712890625,-0.994140625,0.14111328125
9288,0.06884765625,-0.9951171875,0.140869140625
9289,0.0703125,-0.997314453125,0.140869140625
9290,0.0732421875,-0.997802734375,0.14306640625
9291,0.071533203125,-0.9951171875,0.144287109375
9292,0.070556640625,-0.9931640625,0.144775390625
9293,0.069091796875,-0.99755859375,0.140869140625
9294,0.068115234375,-0.997314453125,0.139892578125
9295,0.071533203125,-0.998046875,0.136962890625
9296,0.072265625,-0.999755859375,0.134765625
9297,0.069580078125,-0.998291015625,0.139892578125
9298,0.069580078125,-0.998291015625,0.139892578125
9299,0.070556640625,-0.999267578125,0.14306640625
9300,0.072021484375,-0.998779296875,0.14111328125
9301,0.073486328125,-0.996337890625,0.141845703125
9302,0.073974609375,-0.998046875,0.145263671875
9303,0.068603515625,-1.001708984375,0.142333984375
9304,0.06884765625,-1.0,0.14306640625
9305,0.07373046875,-0.997314453125,0.143310546875
